Time	sourceID	routerID	destinyID	packetID	txPower	RSSI
27-02-2020 20:38:52.212450	3	0	2	14	14	-30
27-02-2020 20:38:52.213142	3	0	2	14	11	-33
27-02-2020 20:38:52.213801	3	0	2	14	8	-37
27-02-2020 20:38:52.214264	3	0	2	14	5	-42
27-02-2020 20:39:51.410910	3	0	2	15	14	-22
27-02-2020 20:39:51.411561	3	0	2	15	11	-23
27-02-2020 20:39:51.411979	3	0	2	15	8	-24
27-02-2020 20:39:51.412366	3	0	2	15	5	-27
27-02-2020 20:40:50.580913	3	0	2	16	14	-18
27-02-2020 20:40:50.581554	3	0	2	16	11	-19
27-02-2020 20:40:50.581972	3	0	2	16	8	-21
27-02-2020 20:40:50.582359	3	0	2	16	5	-24
27-02-2020 20:41:49.771105	3	0	2	17	14	-18
27-02-2020 20:41:49.771751	3	0	2	17	11	-19
27-02-2020 20:41:49.772179	3	0	2	17	8	-21
27-02-2020 20:41:49.772582	3	0	2	17	5	-24
27-02-2020 20:42:49.006620	3	0	2	18	14	-18
27-02-2020 20:42:49.007248	3	0	2	18	11	-16
27-02-2020 20:42:49.007687	3	0	2	18	8	-18
27-02-2020 20:42:49.008075	3	0	2	18	5	-20
27-02-2020 20:43:48.188166	3	0	2	19	14	-19
27-02-2020 20:43:48.188818	3	0	2	19	11	-22
27-02-2020 20:43:48.189241	3	0	2	19	8	-25
27-02-2020 20:43:48.189649	3	0	2	19	5	-29
27-02-2020 20:44:47.397806	3	0	2	20	14	-25
27-02-2020 20:44:47.398452	3	0	2	20	11	-28
27-02-2020 20:44:47.398895	3	0	2	20	8	-32
27-02-2020 20:44:47.399287	3	0	2	20	5	-36
27-02-2020 20:45:46.626677	3	0	2	21	14	-14
27-02-2020 20:45:46.627300	3	0	2	21	11	-14
27-02-2020 20:45:46.627732	3	0	2	21	8	-14
27-02-2020 20:45:46.628124	3	0	2	21	5	-15
27-02-2020 20:46:45.838764	3	0	2	22	14	-34
27-02-2020 20:46:45.839384	3	0	2	22	11	-38
27-02-2020 20:46:45.839803	3	0	2	22	8	-42
27-02-2020 20:46:45.840207	3	0	2	22	5	-46
27-02-2020 20:47:45.035681	3	0	2	23	14	-24
27-02-2020 20:47:45.036317	3	0	2	23	11	-30
27-02-2020 20:47:45.036749	3	0	2	23	8	-35
27-02-2020 20:47:45.037140	3	0	2	23	5	-39
27-02-2020 20:48:44.221358	3	0	2	24	14	-15
27-02-2020 20:48:44.222006	3	0	2	24	11	-16
27-02-2020 20:48:44.222439	3	0	2	24	8	-20
27-02-2020 20:48:44.222836	3	0	2	24	5	-24
27-02-2020 20:49:43.417207	3	0	2	25	14	-14
27-02-2020 20:49:43.417844	3	0	2	25	11	-15
27-02-2020 20:49:43.418273	3	0	2	25	8	-17
27-02-2020 20:49:43.418677	3	0	2	25	5	-20
27-02-2020 20:50:42.630725	3	0	2	26	14	-14
27-02-2020 20:50:42.631332	3	0	2	26	11	-15
27-02-2020 20:50:42.631766	3	0	2	26	8	-18
27-02-2020 20:50:42.632152	3	0	2	26	5	-19
27-02-2020 20:51:41.829208	3	0	2	27	14	-14
27-02-2020 20:51:41.829847	3	0	2	27	11	-15
27-02-2020 20:51:41.830274	3	0	2	27	8	-17
27-02-2020 20:51:41.830680	3	0	2	27	5	-20
27-02-2020 20:52:40.999724	3	0	2	28	14	-14
27-02-2020 20:52:41.000331	3	0	2	28	11	-15
27-02-2020 20:52:41.000773	3	0	2	28	8	-18
27-02-2020 20:52:41.001162	3	0	2	28	5	-21
27-02-2020 20:53:40.201125	3	0	2	29	14	-14
27-02-2020 20:53:40.201763	3	0	2	29	11	-14
27-02-2020 20:53:40.202184	3	0	2	29	8	-15
27-02-2020 20:53:40.202588	3	0	2	29	5	-17
27-02-2020 20:54:39.370723	3	0	2	30	14	-14
27-02-2020 20:54:39.371331	3	0	2	30	11	-14
27-02-2020 20:54:39.371778	3	0	2	30	8	-15
27-02-2020 20:54:39.372168	3	0	2	30	5	-17
27-02-2020 20:55:38.561155	3	0	2	31	14	-14
27-02-2020 20:55:38.561784	3	0	2	31	11	-14
27-02-2020 20:55:38.562203	3	0	2	31	8	-16
27-02-2020 20:55:38.562607	3	0	2	31	5	-18
27-02-2020 20:56:37.711154	3	0	2	32	14	-14
27-02-2020 20:56:37.711790	3	0	2	32	11	-15
27-02-2020 20:56:37.712212	3	0	2	32	8	-17
27-02-2020 20:56:37.712614	3	0	2	32	5	-18
27-02-2020 20:57:36.890828	3	0	2	33	14	-14
27-02-2020 20:57:36.891458	3	0	2	33	11	-15
27-02-2020 20:57:36.891889	3	0	2	33	8	-17
27-02-2020 20:57:36.892277	3	0	2	33	5	-20
27-02-2020 20:58:36.078369	3	0	2	34	14	-14
27-02-2020 20:58:36.079018	3	0	2	34	11	-15
27-02-2020 20:58:36.079451	3	0	2	34	8	-18
27-02-2020 20:58:36.079845	3	0	2	34	5	-21
27-02-2020 20:59:35.264194	3	0	2	35	14	-15
27-02-2020 20:59:35.264977	3	0	2	35	11	-17
27-02-2020 20:59:35.265557	3	0	2	35	8	-21
27-02-2020 20:59:35.265965	3	0	2	35	5	-24
27-02-2020 21:00:34.463142	3	0	2	36	14	-15
27-02-2020 21:00:34.464147	3	0	2	36	11	-17
27-02-2020 21:00:34.464661	3	0	2	36	8	-20
27-02-2020 21:00:34.465087	3	0	2	36	5	-24
27-02-2020 21:01:33.679274	3	0	2	37	14	-14
27-02-2020 21:01:33.680062	3	0	2	37	11	-14
27-02-2020 21:01:33.680625	3	0	2	37	8	-14
27-02-2020 21:01:33.681030	3	0	2	37	5	-16
27-02-2020 21:02:32.885837	3	0	2	38	14	-14
27-02-2020 21:02:32.886568	3	0	2	38	11	-14
27-02-2020 21:02:32.887045	3	0	2	38	8	-14
27-02-2020 21:02:32.887485	3	0	2	38	5	-16
27-02-2020 21:03:32.052376	3	0	2	39	14	-14
27-02-2020 21:03:32.053113	3	0	2	39	11	-14
27-02-2020 21:03:32.054182	3	0	2	39	8	-14
27-02-2020 21:03:32.054748	3	0	2	39	5	-16
27-02-2020 21:04:31.218787	3	0	2	40	14	-14
27-02-2020 21:04:31.219447	3	0	2	40	11	-14
27-02-2020 21:04:31.219971	3	0	2	40	8	-15
27-02-2020 21:04:31.220371	3	0	2	40	5	-16
27-02-2020 21:05:30.427182	3	0	2	41	14	-16
27-02-2020 21:05:30.427959	3	0	2	41	11	-18
27-02-2020 21:05:30.428472	3	0	2	41	8	-24
27-02-2020 21:05:30.428922	3	0	2	41	5	-30
27-02-2020 21:06:29.623927	3	0	2	42	14	-15
27-02-2020 21:06:29.624660	3	0	2	42	11	-18
27-02-2020 21:06:29.625222	3	0	2	42	8	-20
27-02-2020 21:06:29.625738	3	0	2	42	5	-24
27-02-2020 21:07:28.868982	3	0	2	43	14	-14
27-02-2020 21:07:28.869720	3	0	2	43	11	-15
27-02-2020 21:07:28.870232	3	0	2	43	8	-18
27-02-2020 21:07:28.870723	3	0	2	43	5	-19
27-02-2020 21:08:28.032824	3	0	2	44	14	-29
27-02-2020 21:08:28.033777	3	0	2	44	11	-32
27-02-2020 21:08:28.034214	3	0	2	44	8	-36
27-02-2020 21:08:28.034739	3	0	2	44	5	-40
27-02-2020 21:09:27.233939	3	0	2	45	14	-39
27-02-2020 21:09:27.234707	3	0	2	45	11	-42
27-02-2020 21:09:27.235131	3	0	2	45	8	-48
27-02-2020 21:09:27.235671	3	0	2	45	5	-52
27-02-2020 21:10:26.407737	3	0	2	46	14	-47
27-02-2020 21:10:26.408451	3	0	2	46	11	-50
27-02-2020 21:10:26.408926	3	0	2	46	8	-54
27-02-2020 21:10:26.409319	3	0	2	46	5	-58
27-02-2020 21:11:25.585459	3	0	2	47	14	-38
27-02-2020 21:11:25.586209	3	0	2	47	11	-42
27-02-2020 21:11:25.586770	3	0	2	47	8	-46
27-02-2020 21:11:25.587169	3	0	2	47	5	-49
27-02-2020 21:12:24.799748	3	0	2	48	14	-43
27-02-2020 21:12:24.800460	3	0	2	48	11	-47
27-02-2020 21:12:24.800949	3	0	2	48	8	-50
27-02-2020 21:12:24.801346	3	0	2	48	5	-55
27-02-2020 21:13:23.987749	3	0	2	49	14	-50
27-02-2020 21:13:23.988454	3	0	2	49	11	-51
27-02-2020 21:13:23.988934	3	0	2	49	8	-55
27-02-2020 21:13:23.989331	3	0	2	49	5	-60
27-02-2020 21:14:23.145474	3	0	2	50	14	-51
27-02-2020 21:14:23.146208	3	0	2	50	11	-54
27-02-2020 21:14:23.146773	3	0	2	50	8	-58
27-02-2020 21:14:23.147172	3	0	2	50	5	-61
27-02-2020 21:15:22.350467	3	0	2	51	14	-74
27-02-2020 21:15:22.351203	3	0	2	51	11	-76
27-02-2020 21:15:22.351764	3	0	2	51	8	-79
27-02-2020 21:15:22.352162	3	0	2	51	5	-82
27-02-2020 21:20:18.273249	3	0	2	56	14	-76
27-02-2020 21:20:18.274285	3	0	2	56	11	-80
27-02-2020 21:21:17.451273	3	0	2	57	14	-81
27-02-2020 21:22:16.632560	3	0	2	58	14	-75
27-02-2020 21:22:16.633211	3	0	2	58	11	-78
27-02-2020 21:23:15.827970	3	0	2	59	14	-73
27-02-2020 21:23:15.828701	3	0	2	59	11	-76
27-02-2020 21:23:15.829218	3	0	2	59	8	-80
27-02-2020 21:24:15.017821	3	0	2	60	14	-76
27-02-2020 21:24:15.018493	3	0	2	60	11	-78
27-02-2020 21:24:15.019024	3	0	2	60	8	-80
27-02-2020 21:25:14.230727	3	0	2	61	14	-75
27-02-2020 21:25:14.231376	3	0	2	61	11	-78
27-02-2020 21:25:14.231911	3	0	2	61	8	-81
27-02-2020 21:26:13.421154	3	0	2	62	14	-77
27-02-2020 21:26:13.421931	3	0	2	62	11	-79
27-02-2020 21:27:12.596174	3	0	2	63	14	-75
27-02-2020 21:27:12.596960	3	0	2	63	11	-78
27-02-2020 21:27:12.597474	3	0	2	63	8	-81
27-02-2020 21:28:11.773143	3	0	2	64	14	-76
27-02-2020 21:28:11.774162	3	0	2	64	11	-79
27-02-2020 21:28:11.774681	3	0	2	64	8	-83
27-02-2020 21:29:10.937444	3	0	2	65	14	-70
27-02-2020 21:29:10.938229	3	0	2	65	11	-72
27-02-2020 21:29:10.938744	3	0	2	65	8	-76
27-02-2020 21:29:10.939169	3	0	2	65	5	-81
27-02-2020 21:30:10.117317	3	0	2	66	14	-72
27-02-2020 21:30:10.118178	3	0	2	66	11	-75
27-02-2020 21:30:10.118697	3	0	2	66	8	-79
27-02-2020 21:30:10.119091	3	0	2	66	5	-85
27-02-2020 21:31:09.285602	3	0	2	67	14	-72
27-02-2020 21:31:09.286309	3	0	2	67	11	-75
27-02-2020 21:31:09.286880	3	0	2	67	8	-78
27-02-2020 21:32:08.478145	3	0	2	68	14	-77
27-02-2020 21:32:08.478921	3	0	2	68	11	-81
27-02-2020 21:33:07.672214	3	0	2	69	14	-75
27-02-2020 21:33:07.672852	3	0	2	69	11	-77
27-02-2020 21:33:07.673277	3	0	2	69	8	-82
27-02-2020 21:34:06.892766	3	0	2	70	14	-75
27-02-2020 21:34:06.893371	3	0	2	70	11	-78
27-02-2020 21:34:06.894155	3	0	2	70	8	-81
27-02-2020 21:35:06.090690	3	0	2	71	14	-73
27-02-2020 21:35:06.091305	3	0	2	71	11	-75
27-02-2020 21:35:06.091741	3	0	2	71	8	-78
27-02-2020 21:36:05.240350	3	0	2	72	14	-72
27-02-2020 21:36:05.240985	3	0	2	72	11	-75
27-02-2020 21:36:05.241407	3	0	2	72	8	-78
27-02-2020 21:36:05.241812	3	0	2	72	5	-82
27-02-2020 21:37:04.422200	3	0	2	73	14	-73
27-02-2020 21:37:04.423292	3	0	2	73	11	-80
27-02-2020 21:37:04.423960	3	0	2	73	8	-84
27-02-2020 21:38:03.590726	3	0	2	74	14	-75
27-02-2020 21:38:03.591339	3	0	2	74	11	-78
27-02-2020 21:38:03.591785	3	0	2	74	8	-82
27-02-2020 21:39:02.760671	3	0	2	75	14	-77
27-02-2020 21:39:02.761296	3	0	2	75	11	-80
27-02-2020 21:40:01.913965	3	0	2	76	14	-73
27-02-2020 21:40:01.914590	3	0	2	76	11	-75
27-02-2020 21:40:01.915014	3	0	2	76	8	-79
27-02-2020 21:41:01.118904	3	0	2	77	14	-77
27-02-2020 21:41:01.119537	3	0	2	77	11	-79
27-02-2020 21:42:00.305366	3	0	2	78	14	-81
27-02-2020 21:42:00.306009	3	0	2	78	11	-81
27-02-2020 21:42:59.510785	3	0	2	79	14	-76
27-02-2020 21:42:59.511396	3	0	2	79	11	-77
27-02-2020 21:43:58.678885	3	0	2	80	14	-73
27-02-2020 21:43:58.679515	3	0	2	80	11	-75
27-02-2020 21:43:58.679942	3	0	2	80	8	-78
27-02-2020 21:43:58.680329	3	0	2	80	5	-82
27-02-2020 21:44:57.816640	3	0	2	81	14	-76
27-02-2020 21:44:57.817263	3	0	2	81	11	-78
27-02-2020 21:44:57.817696	3	0	2	81	8	-81
27-02-2020 21:45:56.994217	3	0	2	82	14	-76
27-02-2020 21:45:56.994874	3	0	2	82	11	-80
27-02-2020 21:46:56.158946	3	0	2	83	14	-75
27-02-2020 21:46:56.159598	3	0	2	83	11	-78
27-02-2020 21:46:56.160021	3	0	2	83	8	-81
27-02-2020 21:47:55.359670	3	0	2	84	14	-75
27-02-2020 21:47:55.360294	3	0	2	84	11	-78
27-02-2020 21:47:55.360724	3	0	2	84	8	-82
27-02-2020 21:48:54.508875	3	0	2	85	14	-72
27-02-2020 21:48:54.509504	3	0	2	85	11	-75
27-02-2020 21:48:54.509935	3	0	2	85	8	-78
27-02-2020 21:48:54.510327	3	0	2	85	5	-83
27-02-2020 21:49:53.691917	3	0	2	86	14	-77
27-02-2020 21:49:53.692549	3	0	2	86	11	-81
27-02-2020 21:50:52.884274	3	0	2	87	14	-77
27-02-2020 21:50:52.884916	3	0	2	87	11	-79
27-02-2020 21:51:52.029470	3	0	2	88	14	-80
27-02-2020 21:51:52.030099	3	0	2	88	11	-81
27-02-2020 21:53:50.400209	3	0	2	90	14	-78
27-02-2020 21:53:50.400853	3	0	2	90	11	-81
27-02-2020 21:54:49.569907	3	0	2	91	14	-78
27-02-2020 21:54:49.570544	3	0	2	91	11	-79
27-02-2020 21:54:49.570960	3	0	2	91	8	-83
27-02-2020 21:55:48.719705	3	0	2	92	14	-73
27-02-2020 21:55:48.720316	3	0	2	92	11	-75
27-02-2020 21:55:48.720757	3	0	2	92	8	-78
27-02-2020 21:55:48.721144	3	0	2	92	5	-81
27-02-2020 21:56:47.925111	3	0	2	93	14	-74
27-02-2020 21:56:47.925754	3	0	2	93	11	-75
27-02-2020 21:56:47.926170	3	0	2	93	8	-79
27-02-2020 21:56:47.926573	3	0	2	93	5	-81
27-02-2020 21:57:47.072673	3	0	2	94	14	-73
27-02-2020 21:57:47.073304	3	0	2	94	8	-77
27-02-2020 21:57:47.074065	3	0	2	94	5	-82
27-02-2020 21:58:46.267678	3	0	2	95	14	-75
27-02-2020 21:58:46.268293	3	0	2	95	11	-78
27-02-2020 21:58:46.268724	3	0	2	95	8	-81
27-02-2020 21:59:45.484786	3	0	2	96	14	-72
27-02-2020 21:59:45.485398	3	0	2	96	11	-74
27-02-2020 21:59:45.485841	3	0	2	96	8	-78
27-02-2020 22:00:44.660131	3	0	2	97	14	-71
27-02-2020 22:00:44.660766	3	0	2	97	11	-75
27-02-2020 22:00:44.661192	3	0	2	97	8	-78
27-02-2020 22:00:44.661593	3	0	2	97	5	-81
27-02-2020 22:01:43.879151	3	0	2	98	14	-75
27-02-2020 22:01:43.879783	3	0	2	98	11	-76
27-02-2020 22:01:43.880206	3	0	2	98	8	-80
27-02-2020 22:02:43.082670	3	0	2	99	14	-74
27-02-2020 22:02:43.083291	3	0	2	99	11	-76
27-02-2020 22:02:43.083938	3	0	2	99	8	-80
27-02-2020 22:02:43.084337	3	0	2	99	5	-83
27-02-2020 22:03:42.251738	3	0	2	100	14	-72
27-02-2020 22:03:42.252356	3	0	2	100	11	-76
27-02-2020 22:03:42.252803	3	0	2	100	8	-80
27-02-2020 22:04:41.417723	3	0	2	101	14	-75
27-02-2020 22:04:41.418335	3	0	2	101	11	-76
27-02-2020 22:04:41.418779	3	0	2	101	8	-80
27-02-2020 22:05:40.596872	3	0	2	102	14	-78
27-02-2020 22:05:40.597499	3	0	2	102	11	-82
27-02-2020 22:06:39.813343	3	0	2	103	14	-72
27-02-2020 22:06:39.814187	3	0	2	103	11	-75
27-02-2020 22:06:39.814622	3	0	2	103	8	-78
27-02-2020 22:06:39.815014	3	0	2	103	5	-81
27-02-2020 22:07:38.984539	3	0	2	104	14	-72
27-02-2020 22:07:38.985162	3	0	2	104	11	-75
27-02-2020 22:07:38.985652	3	0	2	104	8	-77
27-02-2020 22:07:38.986042	3	0	2	104	5	-81
27-02-2020 22:08:38.150759	3	0	2	105	14	-73
27-02-2020 22:08:38.151366	3	0	2	105	11	-76
27-02-2020 22:08:38.151806	3	0	2	105	8	-80
27-02-2020 22:08:38.152192	3	0	2	105	5	-84
27-02-2020 22:09:37.314630	3	0	2	106	14	-74
27-02-2020 22:09:37.315245	3	0	2	106	11	-78
27-02-2020 22:09:37.315685	3	0	2	106	8	-81
27-02-2020 22:10:36.538398	3	0	2	107	14	-73
27-02-2020 22:10:36.539050	3	0	2	107	11	-76
27-02-2020 22:10:36.539466	3	0	2	107	8	-79
27-02-2020 22:10:36.539859	3	0	2	107	5	-84
27-02-2020 22:11:35.732476	3	0	2	108	14	-73
27-02-2020 22:11:35.733104	3	0	2	108	11	-75
27-02-2020 22:11:35.733746	3	0	2	108	8	-80
27-02-2020 22:12:34.921194	3	0	2	109	14	-78
27-02-2020 22:12:34.921835	3	0	2	109	11	-79
27-02-2020 22:12:34.922264	3	0	2	109	8	-81
27-02-2020 22:13:34.112202	3	0	2	110	14	-71
27-02-2020 22:13:34.112995	3	0	2	110	11	-73
27-02-2020 22:13:34.113775	3	0	2	110	8	-78
27-02-2020 22:13:34.114305	3	0	2	110	5	-80
27-02-2020 22:14:33.280233	3	0	2	111	14	-71
27-02-2020 22:14:33.280990	3	0	2	111	11	-73
27-02-2020 22:14:33.281608	3	0	2	111	8	-77
27-02-2020 22:14:33.282011	3	0	2	111	5	-81
27-02-2020 22:15:32.436463	3	0	2	112	14	-73
27-02-2020 22:15:32.437203	3	0	2	112	11	-75
27-02-2020 22:15:32.437761	3	0	2	112	8	-78
27-02-2020 22:15:32.438160	3	0	2	112	5	-81
27-02-2020 22:16:31.638605	3	0	2	113	14	-71
27-02-2020 22:16:31.639249	3	0	2	113	11	-73
27-02-2020 22:16:31.639828	3	0	2	113	8	-77
27-02-2020 22:17:30.850064	3	0	2	114	14	-72
27-02-2020 22:17:30.850833	3	0	2	114	11	-75
27-02-2020 22:17:30.851249	3	0	2	114	8	-78
27-02-2020 22:17:30.851812	3	0	2	114	5	-81
27-02-2020 22:18:30.043889	3	0	2	115	14	-72
27-02-2020 22:18:30.044664	3	0	2	115	11	-75
27-02-2020 22:18:30.045087	3	0	2	115	8	-78
27-02-2020 22:18:30.045575	3	0	2	115	5	-84
27-02-2020 22:19:29.218816	3	0	2	116	14	-74
27-02-2020 22:19:29.219486	3	0	2	116	11	-76
27-02-2020 22:19:29.220019	3	0	2	116	8	-80
27-02-2020 22:19:29.220459	3	0	2	116	5	-82
27-02-2020 22:20:28.384846	3	0	2	117	14	-73
27-02-2020 22:20:28.385598	3	0	2	117	11	-76
27-02-2020 22:20:28.386075	3	0	2	117	8	-78
27-02-2020 22:20:28.386558	3	0	2	117	5	-83
27-02-2020 22:21:27.544429	3	0	2	118	14	-71
27-02-2020 22:21:27.545175	3	0	2	118	11	-74
27-02-2020 22:21:27.545746	3	0	2	118	8	-78
27-02-2020 22:21:27.546151	3	0	2	118	5	-81
27-02-2020 22:22:26.709464	3	0	2	119	14	-73
27-02-2020 22:22:26.710202	3	0	2	119	11	-75
27-02-2020 22:22:26.710766	3	0	2	119	8	-78
27-02-2020 22:22:26.711159	3	0	2	119	5	-81
27-02-2020 22:23:25.900335	3	0	2	120	14	-72
27-02-2020 22:23:25.901124	3	0	2	120	11	-75
27-02-2020 22:23:25.901677	3	0	2	120	8	-78
27-02-2020 22:23:25.902080	3	0	2	120	5	-83
27-02-2020 22:24:25.056157	3	0	2	121	14	-72
27-02-2020 22:24:25.056943	3	0	2	121	11	-75
27-02-2020 22:24:25.057465	3	0	2	121	8	-78
27-02-2020 22:25:24.220731	3	0	2	122	14	-73
27-02-2020 22:25:24.221446	3	0	2	122	11	-75
27-02-2020 22:26:23.396820	3	0	2	123	14	-75
27-02-2020 22:26:23.397496	3	0	2	123	11	-77
27-02-2020 22:26:23.398030	3	0	2	123	8	-80
27-02-2020 22:27:22.585812	3	0	2	124	14	-75
27-02-2020 22:27:22.586485	3	0	2	124	11	-78
27-02-2020 22:27:22.587020	3	0	2	124	8	-80
27-02-2020 22:28:21.762746	3	0	2	125	14	-73
27-02-2020 22:28:21.763460	3	0	2	125	11	-76
27-02-2020 22:28:21.764121	3	0	2	125	5	-82
27-02-2020 22:29:20.934177	3	0	2	126	14	-72
27-02-2020 22:29:20.934958	3	0	2	126	11	-74
27-02-2020 22:29:20.935475	3	0	2	126	8	-78
27-02-2020 22:30:20.119715	3	0	2	127	14	-72
27-02-2020 22:30:20.120360	3	0	2	127	11	-76
27-02-2020 22:30:20.120900	3	0	2	127	8	-78
27-02-2020 22:31:19.294234	3	0	2	128	14	-72
27-02-2020 22:31:19.294988	3	0	2	128	11	-74
27-02-2020 22:31:19.295590	3	0	2	128	8	-78
27-02-2020 22:31:19.295993	3	0	2	128	5	-82
27-02-2020 22:32:18.494274	3	0	2	129	14	-75
27-02-2020 22:32:18.495057	3	0	2	129	11	-77
27-02-2020 22:32:18.495613	3	0	2	129	8	-81
27-02-2020 22:33:17.687243	3	0	2	130	14	-70
27-02-2020 22:33:17.687992	3	0	2	130	11	-72
27-02-2020 22:33:17.688587	3	0	2	130	8	-75
27-02-2020 22:33:17.688998	3	0	2	130	5	-79
27-02-2020 22:34:16.897245	3	0	2	131	14	-72
27-02-2020 22:34:16.898056	3	0	2	131	8	-79
27-02-2020 22:34:16.898603	3	0	2	131	5	-82
27-02-2020 22:35:16.097755	3	0	2	132	14	-71
27-02-2020 22:35:16.098470	3	0	2	132	11	-74
27-02-2020 22:35:16.098950	3	0	2	132	8	-77
27-02-2020 22:35:16.099350	3	0	2	132	5	-81
27-02-2020 22:36:15.277756	3	0	2	133	14	-71
27-02-2020 22:36:15.278458	3	0	2	133	11	-73
27-02-2020 22:36:15.278943	3	0	2	133	8	-77
27-02-2020 22:36:15.279343	3	0	2	133	5	-81
27-02-2020 22:37:14.424368	3	0	2	134	14	-72
27-02-2020 22:37:14.425119	3	0	2	134	11	-73
27-02-2020 22:37:14.425734	3	0	2	134	8	-77
27-02-2020 22:37:14.426139	3	0	2	134	5	-82
27-02-2020 22:38:13.648873	3	0	2	135	14	-71
27-02-2020 22:38:13.649618	3	0	2	135	11	-73
27-02-2020 22:38:13.650085	3	0	2	135	8	-77
27-02-2020 22:38:13.650566	3	0	2	135	5	-81
27-02-2020 22:39:12.867824	3	0	2	136	14	-72
27-02-2020 22:39:12.868493	3	0	2	136	11	-74
27-02-2020 22:39:12.869026	3	0	2	136	8	-78
27-02-2020 22:39:12.869466	3	0	2	136	5	-81
27-02-2020 22:40:12.081247	3	0	2	137	14	-71
27-02-2020 22:40:12.082054	3	0	2	137	11	-74
27-02-2020 22:40:12.082618	3	0	2	137	8	-78
27-02-2020 22:40:12.083024	3	0	2	137	5	-82
27-02-2020 22:41:11.279165	3	0	2	138	14	-75
27-02-2020 22:41:11.279943	3	0	2	138	11	-76
27-02-2020 22:41:11.280452	3	0	2	138	8	-81
27-02-2020 22:41:11.280902	3	0	2	138	5	-85
27-02-2020 22:42:10.480273	3	0	2	139	14	-73
27-02-2020 22:42:10.481064	3	0	2	139	11	-77
27-02-2020 22:42:10.481648	3	0	2	139	8	-79
27-02-2020 22:42:10.482051	3	0	2	139	5	-84
27-02-2020 22:43:09.640289	3	0	2	140	14	-73
27-02-2020 22:43:09.641168	3	0	2	140	11	-75
27-02-2020 22:43:09.641705	3	0	2	140	8	-78
27-02-2020 22:44:08.869940	3	0	2	141	14	-75
27-02-2020 22:44:08.870676	3	0	2	141	11	-78
27-02-2020 22:44:08.871181	3	0	2	141	8	-81
27-02-2020 22:45:08.049256	3	0	2	142	14	-72
27-02-2020 22:45:08.050062	3	0	2	142	11	-74
27-02-2020 22:45:08.050621	3	0	2	142	8	-78
27-02-2020 22:45:08.051028	3	0	2	142	5	-82
27-02-2020 22:46:07.221738	3	0	2	143	14	-72
27-02-2020 22:46:07.222450	3	0	2	143	11	-74
27-02-2020 22:46:07.222934	3	0	2	143	8	-78
27-02-2020 22:46:07.223327	3	0	2	143	5	-82
27-02-2020 22:47:06.395802	3	0	2	144	14	-71
27-02-2020 22:47:06.396479	3	0	2	144	11	-73
27-02-2020 22:47:06.397010	3	0	2	144	8	-78
27-02-2020 22:47:06.397448	3	0	2	144	5	-81
27-02-2020 22:48:05.585238	3	0	2	145	14	-70
27-02-2020 22:48:05.586046	3	0	2	145	11	-72
27-02-2020 22:48:05.586598	3	0	2	145	8	-77
27-02-2020 22:48:05.587006	3	0	2	145	5	-81
27-02-2020 22:49:04.781182	3	0	2	146	14	-72
27-02-2020 22:49:04.781964	3	0	2	146	11	-75
27-02-2020 22:49:04.782487	3	0	2	146	8	-78
27-02-2020 22:49:04.782935	3	0	2	146	5	-82
27-02-2020 22:50:03.976280	3	0	2	147	14	-75
27-02-2020 22:50:03.977065	3	0	2	147	11	-77
27-02-2020 22:50:03.977646	3	0	2	147	8	-80
27-02-2020 22:51:03.197173	3	0	2	148	14	-73
27-02-2020 22:51:03.197955	3	0	2	148	11	-75
27-02-2020 22:51:03.198468	3	0	2	148	8	-79
27-02-2020 22:52:02.388048	3	0	2	149	14	-71
27-02-2020 22:52:02.388788	3	0	2	149	11	-74
27-02-2020 22:52:02.389323	3	0	2	149	8	-76
27-02-2020 22:52:02.389816	3	0	2	149	5	-82
27-02-2020 22:53:01.585148	3	0	2	150	14	-72
27-02-2020 22:53:01.585949	3	0	2	150	11	-74
27-02-2020 22:53:01.586468	3	0	2	150	8	-78
27-02-2020 22:53:01.586915	3	0	2	150	5	-81
27-02-2020 22:54:00.742421	3	0	2	151	14	-73
27-02-2020 22:54:00.743120	3	0	2	151	11	-76
27-02-2020 22:54:00.743924	3	0	2	151	8	-77
27-02-2020 22:54:59.940272	3	0	2	152	14	-73
27-02-2020 22:54:59.941060	3	0	2	152	11	-78
27-02-2020 22:54:59.941621	3	0	2	152	8	-80
27-02-2020 22:55:59.153331	3	0	2	153	14	-73
27-02-2020 22:55:59.154467	3	0	2	153	11	-75
27-02-2020 22:55:59.154942	3	0	2	153	8	-78
27-02-2020 22:56:58.352801	3	0	2	154	14	-72
27-02-2020 22:56:58.353475	3	0	2	154	11	-74
27-02-2020 22:56:58.354201	3	0	2	154	8	-78
27-02-2020 22:56:58.354723	3	0	2	154	5	-83
27-02-2020 22:57:57.526977	3	0	2	155	14	-71
27-02-2020 22:57:57.527712	3	0	2	155	11	-73
27-02-2020 22:57:57.528223	3	0	2	155	8	-75
27-02-2020 22:57:57.528721	3	0	2	155	5	-80
27-02-2020 22:58:56.703242	3	0	2	156	14	-71
27-02-2020 22:58:56.704288	3	0	2	156	11	-74
27-02-2020 22:58:56.704811	3	0	2	156	8	-77
27-02-2020 22:58:56.705242	3	0	2	156	5	-82
27-02-2020 22:59:55.887823	3	0	2	157	14	-74
27-02-2020 22:59:55.888606	3	0	2	157	11	-75
27-02-2020 22:59:55.889085	3	0	2	157	8	-78
27-02-2020 23:00:55.088563	3	0	2	158	14	-73
27-02-2020 23:00:55.089220	3	0	2	158	11	-75
27-02-2020 23:00:55.089815	3	0	2	158	8	-79
27-02-2020 23:01:54.272824	3	0	2	159	11	-81
27-02-2020 23:02:53.487576	3	0	2	160	14	-73
27-02-2020 23:02:53.488235	3	0	2	160	11	-78
27-02-2020 23:02:53.488811	3	0	2	160	8	-81
27-02-2020 23:03:52.699754	3	0	2	161	14	-75
27-02-2020 23:03:52.700461	3	0	2	161	11	-76
27-02-2020 23:03:52.700941	3	0	2	161	8	-80
27-02-2020 23:03:52.701335	3	0	2	161	5	-85
27-02-2020 23:04:51.863885	3	0	2	162	14	-74
27-02-2020 23:04:51.864661	3	0	2	162	11	-77
27-02-2020 23:04:51.865081	3	0	2	162	8	-80
27-02-2020 23:04:51.865613	3	0	2	162	5	-84
27-02-2020 23:05:51.053961	3	0	2	163	14	-75
27-02-2020 23:05:51.054736	3	0	2	163	11	-78
27-02-2020 23:05:51.055156	3	0	2	163	8	-81
27-02-2020 23:06:50.206430	3	0	2	164	14	-72
27-02-2020 23:06:50.207120	3	0	2	164	11	-76
27-02-2020 23:06:50.207776	3	0	2	164	8	-79
27-02-2020 23:07:49.431937	3	0	2	165	14	-74
27-02-2020 23:07:49.432675	3	0	2	165	11	-75
27-02-2020 23:07:49.433189	3	0	2	165	8	-79
27-02-2020 23:08:48.679272	3	0	2	166	14	-80
27-02-2020 23:08:48.680056	3	0	2	166	11	-82
27-02-2020 23:09:47.872480	3	0	2	167	14	-75
27-02-2020 23:09:47.873238	3	0	2	167	11	-79
27-02-2020 23:09:47.874033	3	0	2	167	8	-83
27-02-2020 23:10:47.057240	3	0	2	168	14	-78
27-02-2020 23:10:47.058095	3	0	2	168	11	-80
27-02-2020 23:10:47.058656	3	0	2	168	8	-85
27-02-2020 23:11:46.242740	3	0	2	169	14	-74
27-02-2020 23:11:46.243452	3	0	2	169	11	-77
27-02-2020 23:11:46.244118	3	0	2	169	8	-81
27-02-2020 23:12:45.418443	3	0	2	170	14	-75
27-02-2020 23:12:45.419183	3	0	2	170	11	-78
27-02-2020 23:12:45.419735	3	0	2	170	8	-81
27-02-2020 23:12:45.420135	3	0	2	170	5	-85
27-02-2020 23:13:44.621716	3	0	2	171	14	-72
27-02-2020 23:13:44.622363	3	0	2	171	11	-74
27-02-2020 23:13:44.622900	3	0	2	171	8	-78
27-02-2020 23:13:44.623293	3	0	2	171	5	-81
27-02-2020 23:14:43.772114	3	0	2	172	14	-79
27-02-2020 23:14:43.772858	3	0	2	172	11	-81
27-02-2020 23:15:42.961946	3	0	2	173	14	-75
27-02-2020 23:15:42.962682	3	0	2	173	11	-77
27-02-2020 23:15:42.963196	3	0	2	173	8	-82
27-02-2020 23:16:42.185893	3	0	2	174	14	-74
27-02-2020 23:16:42.187113	3	0	2	174	11	-78
27-02-2020 23:16:42.187698	3	0	2	174	8	-81
27-02-2020 23:17:41.367244	3	0	2	175	14	-75
27-02-2020 23:17:41.367987	3	0	2	175	11	-75
27-02-2020 23:17:41.368591	3	0	2	175	8	-79
27-02-2020 23:17:41.368990	3	0	2	175	5	-82
27-02-2020 23:18:40.529432	3	0	2	176	14	-72
27-02-2020 23:18:40.530179	3	0	2	176	11	-75
27-02-2020 23:18:40.530733	3	0	2	176	8	-79
27-02-2020 23:18:40.531130	3	0	2	176	5	-81
27-02-2020 23:19:39.728719	3	0	2	177	14	-75
27-02-2020 23:19:39.729368	3	0	2	177	11	-78
27-02-2020 23:19:39.729931	3	0	2	177	8	-82
27-02-2020 23:20:38.926240	3	0	2	178	14	-73
27-02-2020 23:20:38.926986	3	0	2	178	11	-76
27-02-2020 23:20:38.927594	3	0	2	178	8	-78
27-02-2020 23:20:38.928005	3	0	2	178	5	-84
27-02-2020 23:21:38.131577	3	0	2	179	14	-76
27-02-2020 23:21:38.132224	3	0	2	179	11	-77
27-02-2020 23:21:38.132801	3	0	2	179	8	-81
27-02-2020 23:22:37.304107	3	0	2	180	14	-75
27-02-2020 23:22:37.304929	3	0	2	180	11	-78
27-02-2020 23:22:37.305344	3	0	2	180	8	-80
27-02-2020 23:23:36.460793	3	0	2	181	14	-75
27-02-2020 23:23:36.461470	3	0	2	181	11	-77
27-02-2020 23:23:36.461996	3	0	2	181	8	-81
27-02-2020 23:24:35.628759	3	0	2	182	14	-73
27-02-2020 23:24:35.629467	3	0	2	182	11	-75
27-02-2020 23:24:35.629948	3	0	2	182	8	-80
27-02-2020 23:24:35.630345	3	0	2	182	5	-82
27-02-2020 23:25:34.836426	3	0	2	183	14	-74
27-02-2020 23:25:34.837121	3	0	2	183	11	-75
27-02-2020 23:25:34.837716	3	0	2	183	8	-79
27-02-2020 23:25:34.838113	3	0	2	183	5	-82
27-02-2020 23:26:34.034730	3	0	2	184	14	-74
27-02-2020 23:26:34.035443	3	0	2	184	11	-77
27-02-2020 23:26:34.035932	3	0	2	184	8	-84
27-02-2020 23:27:33.231144	3	0	2	185	14	-75
27-02-2020 23:27:33.231931	3	0	2	185	11	-77
27-02-2020 23:27:33.232451	3	0	2	185	8	-80
27-02-2020 23:28:32.394073	3	0	2	186	14	-75
27-02-2020 23:28:32.394852	3	0	2	186	11	-76
27-02-2020 23:28:32.395322	3	0	2	186	8	-79
27-02-2020 23:29:31.560889	3	0	2	187	14	-73
27-02-2020 23:29:31.561681	3	0	2	187	11	-74
27-02-2020 23:29:31.562099	3	0	2	187	8	-78
27-02-2020 23:29:31.562591	3	0	2	187	5	-83
27-02-2020 23:30:30.776163	3	0	2	188	14	-72
27-02-2020 23:30:30.776952	3	0	2	188	11	-75
27-02-2020 23:30:30.777478	3	0	2	188	8	-78
27-02-2020 23:30:30.777939	3	0	2	188	5	-81
27-02-2020 23:31:29.965914	3	0	2	189	14	-73
27-02-2020 23:31:29.966655	3	0	2	189	11	-74
27-02-2020 23:31:29.967160	3	0	2	189	8	-79
27-02-2020 23:31:29.967647	3	0	2	189	5	-83
27-02-2020 23:32:29.170827	3	0	2	190	14	-75
27-02-2020 23:32:29.171560	3	0	2	190	11	-78
27-02-2020 23:32:29.172038	3	0	2	190	8	-81
27-02-2020 23:32:29.172488	3	0	2	190	5	-84
27-02-2020 23:33:28.360799	3	0	2	191	14	-72
27-02-2020 23:33:28.361477	3	0	2	191	11	-77
27-02-2020 23:33:28.362025	3	0	2	191	8	-77
27-02-2020 23:33:28.362470	3	0	2	191	5	-81
27-02-2020 23:34:27.536798	3	0	2	192	14	-76
27-02-2020 23:34:27.537474	3	0	2	192	11	-78
27-02-2020 23:34:27.538022	3	0	2	192	8	-81
27-02-2020 23:35:26.752576	3	0	2	193	14	-76
27-02-2020 23:35:26.753227	3	0	2	193	11	-78
27-02-2020 23:35:26.754019	3	0	2	193	8	-81
27-02-2020 23:36:25.925323	3	0	2	194	14	-74
27-02-2020 23:36:25.926103	3	0	2	194	11	-79
27-02-2020 23:36:25.926663	3	0	2	194	8	-80
27-02-2020 23:37:25.105355	3	0	2	195	14	-76
27-02-2020 23:37:25.106119	3	0	2	195	11	-78
27-02-2020 23:37:25.106719	3	0	2	195	8	-82
27-02-2020 23:38:24.267813	3	0	2	196	14	-75
27-02-2020 23:38:24.268476	3	0	2	196	11	-76
27-02-2020 23:38:24.269010	3	0	2	196	8	-80
27-02-2020 23:38:24.269456	3	0	2	196	5	-83
27-02-2020 23:39:23.454830	3	0	2	197	14	-76
27-02-2020 23:39:23.455613	3	0	2	197	11	-78
27-02-2020 23:39:23.456081	3	0	2	197	8	-82
27-02-2020 23:40:22.649740	3	0	2	198	14	-72
27-02-2020 23:40:22.650448	3	0	2	198	11	-75
27-02-2020 23:40:22.650937	3	0	2	198	8	-79
27-02-2020 23:40:22.651333	3	0	2	198	5	-81
27-02-2020 23:41:21.827833	3	0	2	199	14	-75
27-02-2020 23:41:21.828496	3	0	2	199	11	-78
27-02-2020 23:41:21.829033	3	0	2	199	8	-84
27-02-2020 23:42:21.022717	3	0	2	200	14	-77
27-02-2020 23:42:21.023438	3	0	2	200	11	-79
27-02-2020 23:43:20.233239	3	0	2	201	14	-73
27-02-2020 23:43:20.234442	3	0	2	201	11	-75
27-02-2020 23:43:20.234910	3	0	2	201	8	-80
27-02-2020 23:43:20.235438	3	0	2	201	5	-83
27-02-2020 23:44:19.432718	3	0	2	202	14	-74
27-02-2020 23:44:19.433461	3	0	2	202	11	-75
27-02-2020 23:44:19.434152	3	0	2	202	8	-79
27-02-2020 23:45:18.629242	3	0	2	203	14	-76
27-02-2020 23:45:18.629987	3	0	2	203	11	-78
27-02-2020 23:45:18.630585	3	0	2	203	8	-82
27-02-2020 23:45:18.630989	3	0	2	203	5	-84
27-02-2020 23:46:17.834114	3	0	2	204	14	-75
27-02-2020 23:46:17.834902	3	0	2	204	11	-77
27-02-2020 23:46:17.835322	3	0	2	204	8	-81
27-02-2020 23:47:17.043979	3	0	2	205	14	-72
27-02-2020 23:47:17.044764	3	0	2	205	11	-75
27-02-2020 23:47:17.045185	3	0	2	205	8	-78
27-02-2020 23:48:16.206936	3	0	2	206	14	-76
27-02-2020 23:48:16.207674	3	0	2	206	11	-78
27-02-2020 23:48:16.208190	3	0	2	206	8	-83
27-02-2020 23:49:15.406947	3	0	2	207	14	-76
27-02-2020 23:49:15.407732	3	0	2	207	11	-77
27-02-2020 23:49:15.408247	3	0	2	207	8	-81
27-02-2020 23:49:15.408734	3	0	2	207	5	-84
27-02-2020 23:50:14.595145	3	0	2	208	14	-75
27-02-2020 23:50:14.595929	3	0	2	208	11	-78
27-02-2020 23:50:14.596443	3	0	2	208	8	-81
27-02-2020 23:51:13.793151	3	0	2	209	14	-80
27-02-2020 23:51:13.794187	3	0	2	209	11	-80
27-02-2020 23:52:12.981790	3	0	2	210	14	-78
27-02-2020 23:52:12.982457	3	0	2	210	11	-78
27-02-2020 23:52:12.982987	3	0	2	210	8	-82
27-02-2020 23:53:12.174154	3	0	2	211	14	-76
27-02-2020 23:53:12.174932	3	0	2	211	11	-80
27-02-2020 23:54:11.405264	3	0	2	212	14	-74
27-02-2020 23:54:11.406056	3	0	2	212	11	-76
27-02-2020 23:54:11.406610	3	0	2	212	8	-81
27-02-2020 23:54:11.407019	3	0	2	212	5	-83
27-02-2020 23:55:10.604955	3	0	2	213	14	-75
27-02-2020 23:55:10.605700	3	0	2	213	11	-78
27-02-2020 23:55:10.606209	3	0	2	213	8	-81
27-02-2020 23:56:09.774251	3	0	2	214	14	-72
27-02-2020 23:56:09.774982	3	0	2	214	11	-75
27-02-2020 23:56:09.775581	3	0	2	214	8	-79
27-02-2020 23:57:08.930823	3	0	2	215	14	-76
27-02-2020 23:57:08.931485	3	0	2	215	11	-79
27-02-2020 23:57:08.932018	3	0	2	215	8	-84
27-02-2020 23:58:08.125116	3	0	2	216	14	-75
27-02-2020 23:58:08.125865	3	0	2	216	11	-80
27-02-2020 23:59:07.325607	3	0	2	217	14	-76
27-02-2020 23:59:07.326301	3	0	2	217	11	-78
27-02-2020 23:59:07.326831	3	0	2	217	8	-82
28-02-2020 00:00:06.483956	3	0	2	218	14	-77
28-02-2020 00:00:06.484730	3	0	2	218	11	-80
28-02-2020 00:00:06.485153	3	0	2	218	8	-84
28-02-2020 00:01:05.663722	3	0	2	219	14	-75
28-02-2020 00:01:05.664560	3	0	2	219	11	-78
28-02-2020 00:01:05.664985	3	0	2	219	8	-81
28-02-2020 00:01:05.665577	3	0	2	219	5	-83
28-02-2020 00:02:04.877910	3	0	2	220	14	-77
28-02-2020 00:02:04.878693	3	0	2	220	11	-81
28-02-2020 00:04:03.246236	3	0	2	222	14	-75
28-02-2020 00:04:03.246979	3	0	2	222	11	-76
28-02-2020 00:04:03.247580	3	0	2	222	8	-81
28-02-2020 00:05:02.452829	3	0	2	223	14	-76
28-02-2020 00:05:02.453771	3	0	2	223	11	-78
28-02-2020 00:05:02.454207	3	0	2	223	8	-80
28-02-2020 00:05:02.454723	3	0	2	223	5	-85
28-02-2020 00:06:01.644839	3	0	2	224	14	-74
28-02-2020 00:06:01.645569	3	0	2	224	11	-77
28-02-2020 00:06:01.646035	3	0	2	224	8	-81
28-02-2020 00:07:00.824460	3	0	2	225	14	-72
28-02-2020 00:07:00.825196	3	0	2	225	11	-75
28-02-2020 00:07:00.825771	3	0	2	225	8	-78
28-02-2020 00:07:00.826174	3	0	2	225	5	-81
28-02-2020 00:08:00.010745	3	0	2	226	14	-73
28-02-2020 00:08:00.011461	3	0	2	226	11	-75
28-02-2020 00:08:00.011940	3	0	2	226	8	-80
28-02-2020 00:08:00.012337	3	0	2	226	5	-81
28-02-2020 00:08:59.191268	3	0	2	227	14	-74
28-02-2020 00:08:59.192074	3	0	2	227	11	-76
28-02-2020 00:08:59.192645	3	0	2	227	8	-80
28-02-2020 00:08:59.193054	3	0	2	227	5	-82
28-02-2020 00:09:58.355908	3	0	2	228	14	-74
28-02-2020 00:09:58.356546	3	0	2	228	11	-76
28-02-2020 00:09:58.356964	3	0	2	228	8	-78
28-02-2020 00:10:57.570146	3	0	2	229	14	-73
28-02-2020 00:10:57.570781	3	0	2	229	11	-75
28-02-2020 00:10:57.571204	3	0	2	229	8	-79
28-02-2020 00:10:57.571606	3	0	2	229	5	-82
28-02-2020 00:11:56.780260	3	0	2	230	14	-73
28-02-2020 00:11:56.780898	3	0	2	230	11	-76
28-02-2020 00:11:56.781320	3	0	2	230	8	-80
28-02-2020 00:11:56.781723	3	0	2	230	5	-82
28-02-2020 00:12:56.009811	3	0	2	231	14	-76
28-02-2020 00:12:56.010442	3	0	2	231	11	-79
28-02-2020 00:13:55.204732	3	0	2	232	14	-72
28-02-2020 00:13:55.205348	3	0	2	232	11	-75
28-02-2020 00:13:55.205791	3	0	2	232	8	-78
28-02-2020 00:13:55.206179	3	0	2	232	5	-82
28-02-2020 00:14:54.402616	3	0	2	233	14	-76
28-02-2020 00:14:54.403229	3	0	2	233	11	-79
28-02-2020 00:14:54.403845	3	0	2	233	8	-82
28-02-2020 00:15:53.573279	3	0	2	234	14	-77
28-02-2020 00:15:53.574041	3	0	2	234	11	-79
28-02-2020 00:15:53.574465	3	0	2	234	8	-81
28-02-2020 00:16:52.758783	3	0	2	235	14	-74
28-02-2020 00:16:52.759397	3	0	2	235	11	-75
28-02-2020 00:16:52.759834	3	0	2	235	8	-79
28-02-2020 00:16:52.760225	3	0	2	235	5	-82
28-02-2020 00:17:51.953332	3	0	2	236	14	-75
28-02-2020 00:17:51.954176	3	0	2	236	11	-78
28-02-2020 00:17:51.954600	3	0	2	236	8	-81
28-02-2020 00:17:51.954988	3	0	2	236	5	-84
28-02-2020 00:18:51.170422	3	0	2	237	14	-73
28-02-2020 00:18:51.171070	3	0	2	237	11	-75
28-02-2020 00:18:51.171495	3	0	2	237	8	-79
28-02-2020 00:18:51.171896	3	0	2	237	5	-82
28-02-2020 00:19:50.379898	3	0	2	238	14	-73
28-02-2020 00:19:50.380533	3	0	2	238	11	-75
28-02-2020 00:19:50.380960	3	0	2	238	8	-78
28-02-2020 00:19:50.381346	3	0	2	238	5	-81
28-02-2020 00:20:49.545891	3	0	2	239	14	-71
28-02-2020 00:20:49.546526	3	0	2	239	11	-73
28-02-2020 00:20:49.546942	3	0	2	239	8	-78
28-02-2020 00:20:49.547336	3	0	2	239	5	-81
28-02-2020 00:21:48.731360	3	0	2	240	14	-73
28-02-2020 00:21:48.732010	3	0	2	240	11	-76
28-02-2020 00:21:48.732442	3	0	2	240	8	-81
28-02-2020 00:21:48.732840	3	0	2	240	5	-85
28-02-2020 00:22:47.923839	3	0	2	241	14	-72
28-02-2020 00:22:47.924516	3	0	2	241	11	-76
28-02-2020 00:22:47.924928	3	0	2	241	8	-79
28-02-2020 00:22:47.925321	3	0	2	241	5	-80
28-02-2020 00:23:47.093130	3	0	2	242	14	-74
28-02-2020 00:23:47.094108	3	0	2	242	11	-77
28-02-2020 00:23:47.094556	3	0	2	242	8	-81
28-02-2020 00:23:47.094948	3	0	2	242	5	-84
28-02-2020 00:24:46.250146	3	0	2	243	14	-73
28-02-2020 00:24:46.250791	3	0	2	243	11	-74
28-02-2020 00:24:46.251218	3	0	2	243	8	-77
28-02-2020 00:24:46.251618	3	0	2	243	5	-81
28-02-2020 00:25:45.452884	3	0	2	244	14	-75
28-02-2020 00:25:45.453733	3	0	2	244	11	-78
28-02-2020 00:25:45.454169	3	0	2	244	8	-82
28-02-2020 00:26:44.631860	3	0	2	245	14	-72
28-02-2020 00:26:44.632556	3	0	2	245	11	-75
28-02-2020 00:26:44.632972	3	0	2	245	8	-77
28-02-2020 00:26:44.633361	3	0	2	245	5	-81
28-02-2020 00:27:43.838718	3	0	2	246	14	-73
28-02-2020 00:27:43.839337	3	0	2	246	11	-76
28-02-2020 00:27:43.839784	3	0	2	246	8	-79
28-02-2020 00:28:43.067733	3	0	2	247	14	-75
28-02-2020 00:28:43.068351	3	0	2	247	11	-76
28-02-2020 00:28:43.068792	3	0	2	247	8	-79
28-02-2020 00:28:43.069185	3	0	2	247	5	-83
28-02-2020 00:29:42.223130	3	0	2	248	14	-72
28-02-2020 00:29:42.223976	3	0	2	248	11	-74
28-02-2020 00:29:42.224443	3	0	2	248	8	-76
28-02-2020 00:29:42.225895	3	0	2	248	5	-80
28-02-2020 00:30:41.393237	3	0	2	249	14	-73
28-02-2020 00:30:41.394329	3	0	2	249	11	-76
28-02-2020 00:30:41.394840	3	0	2	249	8	-79
28-02-2020 00:30:41.395309	3	0	2	249	5	-81
28-02-2020 00:31:40.574461	3	0	2	250	14	-73
28-02-2020 00:31:40.575197	3	0	2	250	11	-75
28-02-2020 00:31:40.575761	3	0	2	250	8	-78
28-02-2020 00:31:40.576157	3	0	2	250	5	-81
28-02-2020 00:32:39.765933	3	0	2	251	14	-73
28-02-2020 00:32:39.766670	3	0	2	251	11	-76
28-02-2020 00:32:39.767181	3	0	2	251	8	-80
28-02-2020 00:32:39.767673	3	0	2	251	5	-83
28-02-2020 00:33:38.935358	3	0	2	252	14	-72
28-02-2020 00:33:38.936102	3	0	2	252	11	-75
28-02-2020 00:33:38.936699	3	0	2	252	8	-79
28-02-2020 00:33:38.937107	3	0	2	252	5	-84
28-02-2020 00:34:38.140939	3	0	2	253	14	-72
28-02-2020 00:34:38.141679	3	0	2	253	11	-75
28-02-2020 00:34:38.142194	3	0	2	253	8	-78
28-02-2020 00:34:38.142686	3	0	2	253	5	-81
28-02-2020 00:35:37.351630	3	0	2	254	14	-73
28-02-2020 00:35:37.352315	3	0	2	254	11	-75
28-02-2020 00:35:37.352844	3	0	2	254	8	-78
28-02-2020 00:35:37.353235	3	0	2	254	5	-81
28-02-2020 00:36:36.532223	3	0	2	255	14	-72
28-02-2020 00:36:36.532984	3	0	2	255	11	-75
28-02-2020 00:36:36.534747	3	0	2	255	8	-77
28-02-2020 00:36:36.535188	3	0	2	255	5	-81
28-02-2020 00:37:35.732264	3	0	2	256	14	-73
28-02-2020 00:37:35.733094	3	0	2	256	11	-75
28-02-2020 00:37:35.733857	3	0	2	256	8	-79
28-02-2020 00:38:34.935134	3	0	2	257	14	-72
28-02-2020 00:38:34.935871	3	0	2	257	11	-75
28-02-2020 00:38:34.936436	3	0	2	257	8	-78
28-02-2020 00:38:34.936891	3	0	2	257	5	-81
28-02-2020 00:39:34.142721	3	0	2	258	14	-70
28-02-2020 00:39:34.143371	3	0	2	258	11	-72
28-02-2020 00:39:34.144098	3	0	2	258	8	-76
28-02-2020 00:39:34.144590	3	0	2	258	5	-79
28-02-2020 00:40:33.336970	3	0	2	259	14	-71
28-02-2020 00:40:33.337730	3	0	2	259	11	-72
28-02-2020 00:40:33.338245	3	0	2	259	8	-76
28-02-2020 00:40:33.338744	3	0	2	259	5	-79
28-02-2020 00:41:32.498259	3	0	2	260	14	-71
28-02-2020 00:41:32.499053	3	0	2	260	11	-73
28-02-2020 00:41:32.499610	3	0	2	260	8	-76
28-02-2020 00:41:32.500020	3	0	2	260	5	-79
28-02-2020 00:42:31.676759	3	0	2	261	14	-70
28-02-2020 00:42:31.677472	3	0	2	261	11	-73
28-02-2020 00:42:31.677958	3	0	2	261	8	-76
28-02-2020 00:42:31.678358	3	0	2	261	5	-79
28-02-2020 00:43:30.856715	3	0	2	262	14	-73
28-02-2020 00:43:30.857334	3	0	2	262	11	-74
28-02-2020 00:43:30.857778	3	0	2	262	8	-78
28-02-2020 00:43:30.858166	3	0	2	262	5	-80
28-02-2020 00:44:30.035618	3	0	2	263	14	-71
28-02-2020 00:44:30.036238	3	0	2	263	11	-74
28-02-2020 00:44:30.036711	3	0	2	263	8	-76
28-02-2020 00:44:30.037104	3	0	2	263	5	-81
28-02-2020 00:45:29.210893	3	0	2	264	14	-73
28-02-2020 00:45:29.211528	3	0	2	264	11	-75
28-02-2020 00:45:29.211951	3	0	2	264	8	-78
28-02-2020 00:45:29.212339	3	0	2	264	5	-82
28-02-2020 00:46:28.389934	3	0	2	265	14	-73
28-02-2020 00:46:28.390576	3	0	2	265	11	-75
28-02-2020 00:46:28.391005	3	0	2	265	8	-80
28-02-2020 00:46:28.391396	3	0	2	265	5	-84
28-02-2020 00:47:27.567589	3	0	2	266	14	-73
28-02-2020 00:47:27.568206	3	0	2	266	11	-75
28-02-2020 00:47:27.568642	3	0	2	266	8	-79
28-02-2020 00:48:26.747470	3	0	2	267	14	-74
28-02-2020 00:48:26.748097	3	0	2	267	11	-76
28-02-2020 00:48:26.748535	3	0	2	267	8	-81
28-02-2020 00:48:26.748926	3	0	2	267	5	-83
28-02-2020 00:49:25.944337	3	0	2	268	14	-74
28-02-2020 00:49:25.944985	3	0	2	268	11	-75
28-02-2020 00:49:25.945406	3	0	2	268	8	-80
28-02-2020 00:49:25.945811	3	0	2	268	5	-83
28-02-2020 00:50:25.140159	3	0	2	269	14	-72
28-02-2020 00:50:25.140793	3	0	2	269	11	-74
28-02-2020 00:50:25.141220	3	0	2	269	8	-78
28-02-2020 00:50:25.141630	3	0	2	269	5	-81
28-02-2020 00:51:24.358471	3	0	2	270	14	-70
28-02-2020 00:51:24.359258	3	0	2	270	11	-72
28-02-2020 00:51:24.359777	3	0	2	270	8	-75
28-02-2020 00:51:24.360241	3	0	2	270	5	-78
28-02-2020 00:52:23.568234	3	0	2	271	14	-72
28-02-2020 00:52:23.568984	3	0	2	271	11	-75
28-02-2020 00:52:23.569607	3	0	2	271	8	-77
28-02-2020 00:52:23.570017	3	0	2	271	5	-81
28-02-2020 00:53:22.726996	3	0	2	272	14	-71
28-02-2020 00:53:22.727724	3	0	2	272	11	-73
28-02-2020 00:53:22.728239	3	0	2	272	8	-77
28-02-2020 00:54:21.906361	3	0	2	273	14	-71
28-02-2020 00:54:21.907110	3	0	2	273	11	-73
28-02-2020 00:54:21.907707	3	0	2	273	8	-78
28-02-2020 00:54:21.908109	3	0	2	273	5	-82
28-02-2020 00:55:21.080881	3	0	2	274	14	-71
28-02-2020 00:55:21.081669	3	0	2	274	11	-74
28-02-2020 00:55:21.082096	3	0	2	274	8	-80
28-02-2020 00:56:20.250752	3	0	2	275	14	-71
28-02-2020 00:56:20.251467	3	0	2	275	11	-73
28-02-2020 00:56:20.251945	3	0	2	275	8	-77
28-02-2020 00:56:20.252338	3	0	2	275	5	-79
28-02-2020 00:57:19.403199	3	0	2	276	14	-75
28-02-2020 00:57:19.404202	3	0	2	276	11	-77
28-02-2020 00:57:19.404723	3	0	2	276	8	-80
28-02-2020 00:58:18.565168	3	0	2	277	14	-71
28-02-2020 00:58:18.565954	3	0	2	277	11	-74
28-02-2020 00:58:18.566467	3	0	2	277	8	-78
28-02-2020 00:58:18.566918	3	0	2	277	5	-81
28-02-2020 00:59:17.716611	3	0	2	278	14	-71
28-02-2020 00:59:17.717324	3	0	2	278	11	-73
28-02-2020 00:59:17.717855	3	0	2	278	8	-76
28-02-2020 00:59:17.718253	3	0	2	278	5	-79
28-02-2020 01:00:16.883983	3	0	2	279	14	-73
28-02-2020 01:00:16.884764	3	0	2	279	11	-75
28-02-2020 01:00:16.885190	3	0	2	279	8	-77
28-02-2020 01:00:16.885704	3	0	2	279	5	-82
28-02-2020 01:01:16.035140	3	0	2	280	11	-75
28-02-2020 01:02:15.231017	3	0	2	281	14	-71
28-02-2020 01:02:15.231666	3	0	2	281	11	-72
28-02-2020 01:02:15.232074	3	0	2	281	8	-77
28-02-2020 01:02:15.232475	3	0	2	281	5	-80
28-02-2020 01:03:14.435421	3	0	2	282	14	-72
28-02-2020 01:03:14.436055	3	0	2	282	11	-74
28-02-2020 01:03:14.436490	3	0	2	282	8	-77
28-02-2020 01:04:13.604691	3	0	2	283	14	-74
28-02-2020 01:04:13.605308	3	0	2	283	11	-76
28-02-2020 01:04:13.605740	3	0	2	283	8	-79
28-02-2020 01:05:12.768733	3	0	2	284	14	-71
28-02-2020 01:05:12.769351	3	0	2	284	11	-73
28-02-2020 01:05:12.769793	3	0	2	284	8	-76
28-02-2020 01:05:12.770178	3	0	2	284	5	-81
28-02-2020 01:06:11.920660	3	0	2	285	14	-72
28-02-2020 01:06:11.921290	3	0	2	285	11	-74
28-02-2020 01:06:11.921724	3	0	2	285	8	-77
28-02-2020 01:06:11.922112	3	0	2	285	5	-81
28-02-2020 01:07:11.131601	3	0	2	286	14	-72
28-02-2020 01:07:11.132213	3	0	2	286	11	-72
28-02-2020 01:07:11.132649	3	0	2	286	8	-76
28-02-2020 01:07:11.133037	3	0	2	286	5	-81
28-02-2020 01:08:10.345345	3	0	2	287	14	-72
28-02-2020 01:08:10.346034	3	0	2	287	11	-74
28-02-2020 01:08:10.346466	3	0	2	287	8	-78
28-02-2020 01:08:10.346861	3	0	2	287	5	-82
28-02-2020 01:09:09.508717	3	0	2	288	14	-71
28-02-2020 01:09:09.509327	3	0	2	288	11	-72
28-02-2020 01:09:09.509768	3	0	2	288	8	-76
28-02-2020 01:09:09.510157	3	0	2	288	5	-80
28-02-2020 01:10:08.730469	3	0	2	289	14	-70
28-02-2020 01:10:08.731097	3	0	2	289	11	-73
28-02-2020 01:10:08.731537	3	0	2	289	8	-75
28-02-2020 01:10:08.731930	3	0	2	289	5	-79
28-02-2020 01:11:07.918928	3	0	2	290	14	-68
28-02-2020 01:11:07.919564	3	0	2	290	11	-70
28-02-2020 01:11:07.919990	3	0	2	290	8	-73
28-02-2020 01:11:07.920384	3	0	2	290	5	-77
28-02-2020 01:12:07.115782	3	0	2	291	14	-72
28-02-2020 01:12:07.116396	3	0	2	291	11	-74
28-02-2020 01:12:07.116834	3	0	2	291	8	-78
28-02-2020 01:12:07.117223	3	0	2	291	5	-80
28-02-2020 01:13:06.274260	3	0	2	292	14	-72
28-02-2020 01:13:06.274895	3	0	2	292	11	-75
28-02-2020 01:13:06.275315	3	0	2	292	8	-78
28-02-2020 01:13:06.275718	3	0	2	292	5	-81
28-02-2020 01:14:05.464267	3	0	2	293	14	-70
28-02-2020 01:14:05.464906	3	0	2	293	11	-71
28-02-2020 01:14:05.465329	3	0	2	293	8	-75
28-02-2020 01:14:05.465736	3	0	2	293	5	-79
28-02-2020 01:15:04.669269	3	0	2	294	14	-72
28-02-2020 01:15:04.669913	3	0	2	294	11	-74
28-02-2020 01:15:04.670336	3	0	2	294	8	-79
28-02-2020 01:16:03.839715	3	0	2	295	14	-75
28-02-2020 01:16:03.840328	3	0	2	295	11	-75
28-02-2020 01:16:03.840771	3	0	2	295	8	-78
28-02-2020 01:16:03.841162	3	0	2	295	5	-81
28-02-2020 01:17:03.015718	3	0	2	296	14	-71
28-02-2020 01:17:03.016338	3	0	2	296	11	-73
28-02-2020 01:17:03.016781	3	0	2	296	8	-76
28-02-2020 01:17:03.017172	3	0	2	296	5	-81
28-02-2020 01:18:02.205172	3	0	2	297	14	-71
28-02-2020 01:18:02.205806	3	0	2	297	11	-76
28-02-2020 01:18:02.206226	3	0	2	297	8	-78
28-02-2020 01:19:01.381383	3	0	2	298	14	-73
28-02-2020 01:19:01.382158	3	0	2	298	11	-74
28-02-2020 01:19:01.382580	3	0	2	298	8	-78
28-02-2020 01:19:01.382966	3	0	2	298	5	-82
28-02-2020 01:20:00.603127	3	0	2	299	14	-74
28-02-2020 01:20:00.603944	3	0	2	299	11	-76
28-02-2020 01:20:00.604366	3	0	2	299	8	-79
28-02-2020 01:20:59.797666	3	0	2	300	14	-72
28-02-2020 01:20:59.798285	3	0	2	300	11	-75
28-02-2020 01:20:59.798715	3	0	2	300	8	-78
28-02-2020 01:20:59.799104	3	0	2	300	5	-82
28-02-2020 01:21:58.990812	3	0	2	301	14	-72
28-02-2020 01:21:58.991441	3	0	2	301	11	-74
28-02-2020 01:21:58.991875	3	0	2	301	8	-78
28-02-2020 01:22:58.165273	3	0	2	302	14	-72
28-02-2020 01:22:58.166055	3	0	2	302	11	-74
28-02-2020 01:22:58.166612	3	0	2	302	8	-78
28-02-2020 01:22:58.167019	3	0	2	302	5	-81
28-02-2020 01:23:57.381726	3	0	2	303	14	-72
28-02-2020 01:23:57.382443	3	0	2	303	11	-74
28-02-2020 01:23:57.382921	3	0	2	303	8	-77
28-02-2020 01:23:57.383318	3	0	2	303	5	-81
28-02-2020 01:24:56.570757	3	0	2	304	14	-72
28-02-2020 01:24:56.571468	3	0	2	304	11	-72
28-02-2020 01:24:56.571948	3	0	2	304	8	-78
28-02-2020 01:24:56.572344	3	0	2	304	5	-81
28-02-2020 01:25:55.779972	3	0	2	305	14	-71
28-02-2020 01:25:55.780711	3	0	2	305	11	-72
28-02-2020 01:26:54.985136	3	0	2	306	14	-71
28-02-2020 01:26:54.985942	3	0	2	306	11	-75
28-02-2020 01:26:54.986454	3	0	2	306	8	-77
28-02-2020 01:26:54.986903	3	0	2	306	5	-81
28-02-2020 01:27:54.187540	3	0	2	307	14	-72
28-02-2020 01:27:54.188291	3	0	2	307	11	-75
28-02-2020 01:27:54.188808	3	0	2	307	8	-78
28-02-2020 01:27:54.189239	3	0	2	307	5	-80
28-02-2020 01:28:53.371807	3	0	2	308	14	-72
28-02-2020 01:28:53.372433	3	0	2	308	11	-73
28-02-2020 01:28:53.372865	3	0	2	308	8	-77
28-02-2020 01:28:53.373258	3	0	2	308	5	-81
28-02-2020 01:29:52.554161	3	0	2	309	14	-73
28-02-2020 01:29:52.554804	3	0	2	309	11	-75
28-02-2020 01:29:52.555231	3	0	2	309	8	-78
28-02-2020 01:30:51.752927	3	0	2	310	14	-71
28-02-2020 01:30:51.753776	3	0	2	310	11	-73
28-02-2020 01:30:51.754204	3	0	2	310	8	-76
28-02-2020 01:30:51.754612	3	0	2	310	5	-80
28-02-2020 01:31:50.961904	3	0	2	311	14	-71
28-02-2020 01:31:50.962542	3	0	2	311	11	-73
28-02-2020 01:31:50.962967	3	0	2	311	8	-76
28-02-2020 01:31:50.963359	3	0	2	311	5	-79
28-02-2020 01:32:50.143946	3	0	2	312	14	-75
28-02-2020 01:32:50.144583	3	0	2	312	11	-76
28-02-2020 01:32:50.145011	3	0	2	312	8	-79
28-02-2020 01:33:49.300180	3	0	2	313	14	-71
28-02-2020 01:33:49.300821	3	0	2	313	11	-73
28-02-2020 01:33:49.301241	3	0	2	313	8	-76
28-02-2020 01:33:49.301650	3	0	2	313	5	-81
28-02-2020 01:34:48.485719	3	0	2	314	14	-72
28-02-2020 01:34:48.486329	3	0	2	314	11	-72
28-02-2020 01:34:48.486763	3	0	2	314	8	-77
28-02-2020 01:34:48.487152	3	0	2	314	5	-82
28-02-2020 01:35:47.703464	3	0	2	315	14	-72
28-02-2020 01:35:47.704306	3	0	2	315	11	-73
28-02-2020 01:35:47.704739	3	0	2	315	8	-77
28-02-2020 01:35:47.705130	3	0	2	315	5	-79
28-02-2020 01:36:46.868771	3	0	2	316	14	-71
28-02-2020 01:36:46.869472	3	0	2	316	11	-73
28-02-2020 01:36:46.869961	3	0	2	316	8	-76
28-02-2020 01:36:46.870354	3	0	2	316	5	-79
28-02-2020 01:37:46.072135	3	0	2	317	14	-72
28-02-2020 01:37:46.072916	3	0	2	317	11	-74
28-02-2020 01:37:46.073439	3	0	2	317	8	-77
28-02-2020 01:37:46.074180	3	0	2	317	5	-81
28-02-2020 01:38:45.300153	3	0	2	318	14	-71
28-02-2020 01:38:45.300929	3	0	2	318	11	-75
28-02-2020 01:38:45.301486	3	0	2	318	8	-78
28-02-2020 01:38:45.301938	3	0	2	318	5	-81
28-02-2020 01:39:44.478821	3	0	2	319	14	-74
28-02-2020 01:39:44.479491	3	0	2	319	11	-74
28-02-2020 01:39:44.480021	3	0	2	319	8	-80
28-02-2020 01:40:43.634965	3	0	2	320	14	-72
28-02-2020 01:40:43.635705	3	0	2	320	11	-73
28-02-2020 01:40:43.636219	3	0	2	320	8	-77
28-02-2020 01:40:43.636710	3	0	2	320	5	-81
28-02-2020 01:41:42.837824	3	0	2	321	14	-74
28-02-2020 01:41:42.838558	3	0	2	321	11	-76
28-02-2020 01:41:42.839034	3	0	2	321	8	-79
28-02-2020 01:42:42.017614	3	0	2	322	14	-72
28-02-2020 01:42:42.018323	3	0	2	322	11	-75
28-02-2020 01:42:42.018860	3	0	2	322	8	-76
28-02-2020 01:43:41.223116	3	0	2	323	14	-74
28-02-2020 01:43:41.224143	3	0	2	323	11	-78
28-02-2020 01:43:41.224659	3	0	2	323	8	-79
28-02-2020 01:43:41.225089	3	0	2	323	5	-82
28-02-2020 01:44:40.405161	3	0	2	324	14	-71
28-02-2020 01:44:40.405947	3	0	2	324	11	-73
28-02-2020 01:44:40.406558	3	0	2	324	8	-76
28-02-2020 01:44:40.406964	3	0	2	324	5	-80
28-02-2020 01:45:39.559271	3	0	2	325	14	-72
28-02-2020 01:45:39.560058	3	0	2	325	11	-74
28-02-2020 01:45:39.560619	3	0	2	325	8	-77
28-02-2020 01:45:39.561028	3	0	2	325	5	-80
28-02-2020 01:46:38.746759	3	0	2	326	14	-73
28-02-2020 01:46:38.747468	3	0	2	326	11	-75
28-02-2020 01:46:38.747944	3	0	2	326	8	-78
28-02-2020 01:46:38.748341	3	0	2	326	5	-81
28-02-2020 01:47:37.950710	3	0	2	327	14	-71
28-02-2020 01:47:37.951360	3	0	2	327	11	-73
28-02-2020 01:47:37.951907	3	0	2	327	8	-76
28-02-2020 01:47:37.952303	3	0	2	327	5	-80
28-02-2020 01:48:37.113163	3	0	2	328	14	-71
28-02-2020 01:48:37.114184	3	0	2	328	11	-73
28-02-2020 01:48:37.114698	3	0	2	328	8	-78
28-02-2020 01:48:37.115171	3	0	2	328	5	-81
28-02-2020 01:49:36.310752	3	0	2	329	14	-70
28-02-2020 01:49:36.311460	3	0	2	329	11	-74
28-02-2020 01:49:36.311942	3	0	2	329	8	-77
28-02-2020 01:49:36.312341	3	0	2	329	5	-81
28-02-2020 01:50:35.498161	3	0	2	330	14	-72
28-02-2020 01:50:35.498948	3	0	2	330	11	-74
28-02-2020 01:50:35.499461	3	0	2	330	8	-78
28-02-2020 01:50:35.499909	3	0	2	330	5	-80
28-02-2020 01:51:34.672749	3	0	2	331	14	-73
28-02-2020 01:51:34.673463	3	0	2	331	11	-75
28-02-2020 01:51:34.674137	3	0	2	331	8	-78
28-02-2020 01:51:34.674672	3	0	2	331	5	-83
28-02-2020 01:52:33.858634	3	0	2	332	14	-72
28-02-2020 01:52:33.859419	3	0	2	332	11	-75
28-02-2020 01:52:33.859899	3	0	2	332	8	-76
28-02-2020 01:53:33.058457	3	0	2	333	14	-72
28-02-2020 01:53:33.059195	3	0	2	333	11	-74
28-02-2020 01:53:33.059758	3	0	2	333	8	-78
28-02-2020 01:54:32.233240	3	0	2	334	14	-72
28-02-2020 01:54:32.234271	3	0	2	334	11	-75
28-02-2020 01:54:32.234791	3	0	2	334	8	-80
28-02-2020 01:54:32.235218	3	0	2	334	5	-83
28-02-2020 01:55:31.417258	3	0	2	335	14	-72
28-02-2020 01:55:31.418072	3	0	2	335	11	-74
28-02-2020 01:55:31.418629	3	0	2	335	8	-78
28-02-2020 01:55:31.419034	3	0	2	335	5	-81
28-02-2020 01:56:30.638605	3	0	2	336	14	-71
28-02-2020 01:56:30.639352	3	0	2	336	11	-74
28-02-2020 01:56:30.639894	3	0	2	336	8	-77
28-02-2020 01:56:30.640297	3	0	2	336	5	-81
28-02-2020 01:57:29.800133	3	0	2	337	14	-70
28-02-2020 01:57:29.800952	3	0	2	337	11	-72
28-02-2020 01:57:29.801485	3	0	2	337	8	-75
28-02-2020 01:57:29.801944	3	0	2	337	5	-80
28-02-2020 01:58:28.966255	3	0	2	338	14	-71
28-02-2020 01:58:28.967040	3	0	2	338	11	-74
28-02-2020 01:58:28.967602	3	0	2	338	8	-76
28-02-2020 01:58:28.968010	3	0	2	338	5	-81
28-02-2020 01:59:28.175806	3	0	2	339	14	-74
28-02-2020 01:59:28.176484	3	0	2	339	11	-75
28-02-2020 01:59:28.177016	3	0	2	339	8	-78
28-02-2020 01:59:28.177467	3	0	2	339	5	-84
28-02-2020 02:00:27.341428	3	0	2	340	14	-75
28-02-2020 02:00:27.342169	3	0	2	340	11	-76
28-02-2020 02:00:27.342726	3	0	2	340	8	-79
28-02-2020 02:01:26.519315	3	0	2	341	14	-72
28-02-2020 02:01:26.520099	3	0	2	341	11	-74
28-02-2020 02:01:26.520657	3	0	2	341	8	-78
28-02-2020 02:01:26.521051	3	0	2	341	5	-81
28-02-2020 02:02:25.677761	3	0	2	342	14	-69
28-02-2020 02:02:25.678469	3	0	2	342	11	-71
28-02-2020 02:02:25.678963	3	0	2	342	8	-75
28-02-2020 02:02:25.679357	3	0	2	342	5	-81
28-02-2020 02:03:24.857135	3	0	2	343	14	-71
28-02-2020 02:03:24.857782	3	0	2	343	11	-73
28-02-2020 02:03:24.858228	3	0	2	343	8	-77
28-02-2020 02:04:24.006388	3	0	2	344	14	-72
28-02-2020 02:04:24.007051	3	0	2	344	11	-75
28-02-2020 02:04:24.007477	3	0	2	344	8	-79
28-02-2020 02:05:23.188807	3	0	2	345	14	-71
28-02-2020 02:05:23.189436	3	0	2	345	11	-73
28-02-2020 02:05:23.189873	3	0	2	345	8	-76
28-02-2020 02:05:23.190265	3	0	2	345	5	-79
28-02-2020 02:06:22.353204	3	0	2	346	14	-72
28-02-2020 02:06:22.354017	3	0	2	346	11	-75
28-02-2020 02:06:22.354460	3	0	2	346	8	-78
28-02-2020 02:06:22.354857	3	0	2	346	5	-81
28-02-2020 02:07:21.575263	3	0	2	347	14	-72
28-02-2020 02:07:21.575912	3	0	2	347	11	-74
28-02-2020 02:07:21.576337	3	0	2	347	8	-77
28-02-2020 02:07:21.576743	3	0	2	347	5	-82
28-02-2020 02:08:20.781556	3	0	2	348	14	-71
28-02-2020 02:08:20.782181	3	0	2	348	11	-73
28-02-2020 02:08:20.782617	3	0	2	348	8	-76
28-02-2020 02:08:20.783006	3	0	2	348	5	-80
28-02-2020 02:09:19.979355	3	0	2	349	14	-71
28-02-2020 02:09:19.980022	3	0	2	349	11	-73
28-02-2020 02:09:19.980454	3	0	2	349	8	-76
28-02-2020 02:09:19.980853	3	0	2	349	5	-80
28-02-2020 02:10:19.145718	3	0	2	350	14	-71
28-02-2020 02:10:19.146331	3	0	2	350	11	-73
28-02-2020 02:10:19.146773	3	0	2	350	8	-76
28-02-2020 02:10:19.147161	3	0	2	350	5	-80
28-02-2020 02:11:18.348042	3	0	2	351	14	-72
28-02-2020 02:11:18.348692	3	0	2	351	11	-73
28-02-2020 02:11:18.349125	3	0	2	351	8	-76
28-02-2020 02:11:18.349531	3	0	2	351	5	-79
28-02-2020 02:12:17.525260	3	0	2	352	14	-73
28-02-2020 02:12:17.525905	3	0	2	352	11	-75
28-02-2020 02:12:17.526329	3	0	2	352	8	-78
28-02-2020 02:12:17.526734	3	0	2	352	5	-81
28-02-2020 02:13:16.724731	3	0	2	353	14	-70
28-02-2020 02:13:16.725344	3	0	2	353	11	-72
28-02-2020 02:13:16.725790	3	0	2	353	8	-77
28-02-2020 02:13:16.726179	3	0	2	353	5	-80
28-02-2020 02:14:15.894171	3	0	2	354	14	-71
28-02-2020 02:14:15.894893	3	0	2	354	11	-74
28-02-2020 02:14:15.895322	3	0	2	354	8	-77
28-02-2020 02:14:15.895728	3	0	2	354	5	-80
28-02-2020 02:15:15.060614	3	0	2	355	14	-70
28-02-2020 02:15:15.061233	3	0	2	355	11	-72
28-02-2020 02:15:15.061673	3	0	2	355	8	-75
28-02-2020 02:15:15.062066	3	0	2	355	5	-79
28-02-2020 02:16:14.236425	3	0	2	356	14	-73
28-02-2020 02:16:14.237147	3	0	2	356	11	-76
28-02-2020 02:16:14.238546	3	0	2	356	8	-78
28-02-2020 02:16:14.238962	3	0	2	356	5	-84
28-02-2020 02:17:13.451654	3	0	2	357	14	-72
28-02-2020 02:17:13.452273	3	0	2	357	11	-74
28-02-2020 02:17:13.452706	3	0	2	357	8	-77
28-02-2020 02:17:13.453094	3	0	2	357	5	-81
28-02-2020 02:18:12.614336	3	0	2	358	14	-72
28-02-2020 02:18:12.614975	3	0	2	358	11	-75
28-02-2020 02:18:12.615413	3	0	2	358	8	-79
28-02-2020 02:18:12.615807	3	0	2	358	5	-84
28-02-2020 02:19:11.769202	3	0	2	359	14	-71
28-02-2020 02:19:11.769848	3	0	2	359	11	-74
28-02-2020 02:19:11.770274	3	0	2	359	8	-76
28-02-2020 02:19:11.770681	3	0	2	359	5	-78
28-02-2020 02:20:10.973400	3	0	2	360	14	-71
28-02-2020 02:20:10.974231	3	0	2	360	11	-73
28-02-2020 02:20:10.974661	3	0	2	360	8	-77
28-02-2020 02:20:10.975051	3	0	2	360	5	-81
28-02-2020 02:21:10.153208	3	0	2	361	14	-71
28-02-2020 02:21:10.154045	3	0	2	361	11	-72
28-02-2020 02:21:10.154480	3	0	2	361	8	-76
28-02-2020 02:21:10.154882	3	0	2	361	5	-80
28-02-2020 02:22:09.354684	3	0	2	362	14	-71
28-02-2020 02:22:09.355312	3	0	2	362	11	-74
28-02-2020 02:22:09.355741	3	0	2	362	8	-77
28-02-2020 02:22:09.356131	3	0	2	362	5	-81
28-02-2020 02:23:08.518275	3	0	2	363	14	-73
28-02-2020 02:23:08.518934	3	0	2	363	11	-74
28-02-2020 02:23:08.519353	3	0	2	363	8	-77
28-02-2020 02:23:08.519763	3	0	2	363	5	-81
28-02-2020 02:24:07.689425	3	0	2	364	14	-72
28-02-2020 02:24:07.690057	3	0	2	364	11	-75
28-02-2020 02:24:07.690498	3	0	2	364	8	-78
28-02-2020 02:25:06.872611	3	0	2	365	14	-72
28-02-2020 02:25:06.873227	3	0	2	365	11	-73
28-02-2020 02:25:06.873848	3	0	2	365	8	-76
28-02-2020 02:25:06.874257	3	0	2	365	5	-80
28-02-2020 02:26:06.028664	3	0	2	366	14	-73
28-02-2020 02:26:06.029285	3	0	2	366	11	-75
28-02-2020 02:26:06.029721	3	0	2	366	8	-78
28-02-2020 02:26:06.030109	3	0	2	366	5	-82
28-02-2020 02:27:05.212159	3	0	2	367	14	-72
28-02-2020 02:27:05.212818	3	0	2	367	11	-73
28-02-2020 02:27:05.213233	3	0	2	367	8	-76
28-02-2020 02:27:05.213847	3	0	2	367	5	-81
28-02-2020 02:28:04.424783	3	0	2	368	14	-72
28-02-2020 02:28:04.425406	3	0	2	368	11	-74
28-02-2020 02:28:04.425844	3	0	2	368	8	-78
28-02-2020 02:29:03.598284	3	0	2	369	14	-72
28-02-2020 02:29:03.599063	3	0	2	369	11	-74
28-02-2020 02:29:03.599616	3	0	2	369	8	-78
28-02-2020 02:29:03.600026	3	0	2	369	5	-81
28-02-2020 02:30:02.802434	3	0	2	370	14	-71
28-02-2020 02:30:02.803173	3	0	2	370	11	-74
28-02-2020 02:30:02.803912	3	0	2	370	8	-77
28-02-2020 02:30:02.804352	3	0	2	370	5	-81
28-02-2020 02:31:01.999859	3	0	2	371	14	-72
28-02-2020 02:31:02.000586	3	0	2	371	11	-75
28-02-2020 02:31:02.001057	3	0	2	371	8	-78
28-02-2020 02:31:02.001563	3	0	2	371	5	-82
28-02-2020 02:32:01.163979	3	0	2	372	14	-75
28-02-2020 02:32:01.164750	3	0	2	372	11	-77
28-02-2020 02:32:01.165168	3	0	2	372	8	-81
28-02-2020 02:33:00.348784	3	0	2	373	14	-73
28-02-2020 02:33:00.349456	3	0	2	373	11	-74
28-02-2020 02:33:00.349984	3	0	2	373	8	-78
28-02-2020 02:33:00.350429	3	0	2	373	5	-81
28-02-2020 02:33:59.540253	3	0	2	374	14	-72
28-02-2020 02:33:59.541061	3	0	2	374	11	-75
28-02-2020 02:33:59.541630	3	0	2	374	8	-78
28-02-2020 02:33:59.542038	3	0	2	374	5	-83
28-02-2020 02:34:58.763283	3	0	2	375	14	-72
28-02-2020 02:34:58.764162	3	0	2	375	11	-73
28-02-2020 02:34:58.764599	3	0	2	375	8	-77
28-02-2020 02:34:58.765007	3	0	2	375	5	-80
28-02-2020 02:35:57.954165	3	0	2	376	14	-75
28-02-2020 02:35:57.954804	3	0	2	376	11	-77
28-02-2020 02:35:57.955231	3	0	2	376	8	-79
28-02-2020 02:36:57.131201	3	0	2	377	14	-69
28-02-2020 02:36:57.131876	3	0	2	377	11	-71
28-02-2020 02:36:57.132300	3	0	2	377	8	-74
28-02-2020 02:36:57.132705	3	0	2	377	5	-78
28-02-2020 02:37:56.334817	3	0	2	378	14	-73
28-02-2020 02:37:56.335447	3	0	2	378	11	-74
28-02-2020 02:37:56.335881	3	0	2	378	8	-77
28-02-2020 02:37:56.336271	3	0	2	378	5	-81
28-02-2020 02:38:55.507150	3	0	2	379	14	-70
28-02-2020 02:38:55.507797	3	0	2	379	11	-72
28-02-2020 02:38:55.508223	3	0	2	379	8	-75
28-02-2020 02:38:55.508630	3	0	2	379	5	-78
28-02-2020 02:39:54.700520	3	0	2	380	14	-71
28-02-2020 02:39:54.701140	3	0	2	380	11	-72
28-02-2020 02:39:54.701574	3	0	2	380	8	-76
28-02-2020 02:39:54.701965	3	0	2	380	5	-79
28-02-2020 02:40:53.870730	3	0	2	381	14	-71
28-02-2020 02:40:53.871351	3	0	2	381	11	-73
28-02-2020 02:40:53.871792	3	0	2	381	8	-76
28-02-2020 02:40:53.872185	3	0	2	381	5	-80
28-02-2020 02:41:53.059509	3	0	2	382	14	-70
28-02-2020 02:41:53.060569	3	0	2	382	11	-72
28-02-2020 02:41:53.060990	3	0	2	382	8	-76
28-02-2020 02:42:52.217192	3	0	2	383	14	-71
28-02-2020 02:42:52.217837	3	0	2	383	11	-73
28-02-2020 02:42:52.218266	3	0	2	383	8	-76
28-02-2020 02:42:52.218672	3	0	2	383	5	-81
28-02-2020 02:43:51.384201	3	0	2	384	14	-70
28-02-2020 02:43:51.384852	3	0	2	384	11	-72
28-02-2020 02:43:51.385274	3	0	2	384	8	-76
28-02-2020 02:43:51.385680	3	0	2	384	5	-79
28-02-2020 02:44:50.595881	3	0	2	385	11	-74
28-02-2020 02:44:50.596521	3	0	2	385	8	-77
28-02-2020 02:44:50.596944	3	0	2	385	5	-81
28-02-2020 02:45:49.769717	3	0	2	386	14	-71
28-02-2020 02:45:49.770326	3	0	2	386	11	-74
28-02-2020 02:45:49.770769	3	0	2	386	8	-77
28-02-2020 02:45:49.771158	3	0	2	386	5	-80
28-02-2020 02:46:48.954657	3	0	2	387	14	-72
28-02-2020 02:46:48.955275	3	0	2	387	11	-74
28-02-2020 02:46:48.955709	3	0	2	387	8	-78
28-02-2020 02:46:48.956101	3	0	2	387	5	-81
28-02-2020 02:47:48.142697	3	0	2	388	14	-70
28-02-2020 02:47:48.143319	3	0	2	388	11	-72
28-02-2020 02:47:48.143869	3	0	2	388	8	-76
28-02-2020 02:47:48.144266	3	0	2	388	5	-80
28-02-2020 02:48:47.313899	3	0	2	389	14	-70
28-02-2020 02:48:47.314543	3	0	2	389	11	-73
28-02-2020 02:48:47.314965	3	0	2	389	8	-76
28-02-2020 02:48:47.315353	3	0	2	389	5	-80
28-02-2020 02:49:46.481909	3	0	2	390	14	-71
28-02-2020 02:49:46.482551	3	0	2	390	11	-73
28-02-2020 02:49:46.482975	3	0	2	390	8	-78
28-02-2020 02:49:46.483367	3	0	2	390	5	-81
28-02-2020 02:50:45.661204	3	0	2	391	14	-70
28-02-2020 02:50:45.661841	3	0	2	391	11	-73
28-02-2020 02:50:45.662271	3	0	2	391	8	-76
28-02-2020 02:50:45.662677	3	0	2	391	5	-79
28-02-2020 02:51:44.834253	3	0	2	392	14	-73
28-02-2020 02:51:44.834893	3	0	2	392	11	-76
28-02-2020 02:51:44.835316	3	0	2	392	8	-81
28-02-2020 02:52:44.061716	3	0	2	393	14	-70
28-02-2020 02:52:44.062337	3	0	2	393	11	-72
28-02-2020 02:52:44.062779	3	0	2	393	8	-76
28-02-2020 02:52:44.063171	3	0	2	393	5	-81
28-02-2020 02:53:43.275893	3	0	2	394	14	-72
28-02-2020 02:53:43.276528	3	0	2	394	11	-75
28-02-2020 02:53:43.276944	3	0	2	394	8	-79
28-02-2020 02:54:42.434147	3	0	2	395	14	-72
28-02-2020 02:54:42.434790	3	0	2	395	11	-74
28-02-2020 02:54:42.435198	3	0	2	395	8	-78
28-02-2020 02:54:42.435602	3	0	2	395	5	-81
28-02-2020 02:55:41.619901	3	0	2	396	14	-70
28-02-2020 02:55:41.620547	3	0	2	396	11	-72
28-02-2020 02:55:41.620965	3	0	2	396	8	-76
28-02-2020 02:55:41.621355	3	0	2	396	5	-79
28-02-2020 02:56:40.829342	3	0	2	397	14	-72
28-02-2020 02:56:40.829982	3	0	2	397	11	-74
28-02-2020 02:56:40.830420	3	0	2	397	8	-78
28-02-2020 02:56:40.830819	3	0	2	397	5	-81
28-02-2020 02:57:40.014647	3	0	2	398	14	-70
28-02-2020 02:57:40.015269	3	0	2	398	11	-73
28-02-2020 02:57:40.015701	3	0	2	398	8	-76
28-02-2020 02:57:40.016088	3	0	2	398	5	-79
28-02-2020 02:58:39.218703	3	0	2	399	14	-68
28-02-2020 02:58:39.219321	3	0	2	399	11	-71
28-02-2020 02:58:39.219765	3	0	2	399	8	-75
28-02-2020 02:58:39.220154	3	0	2	399	5	-78
28-02-2020 02:59:38.390204	3	0	2	400	14	-71
28-02-2020 02:59:38.390836	3	0	2	400	11	-73
28-02-2020 02:59:38.391264	3	0	2	400	8	-77
28-02-2020 02:59:38.391668	3	0	2	400	5	-81
28-02-2020 03:00:37.581403	3	0	2	401	14	-71
28-02-2020 03:00:37.582043	3	0	2	401	11	-75
28-02-2020 03:00:37.582475	3	0	2	401	8	-78
28-02-2020 03:00:37.582875	3	0	2	401	5	-81
28-02-2020 03:01:36.798022	3	0	2	402	14	-71
28-02-2020 03:01:36.798655	3	0	2	402	11	-73
28-02-2020 03:01:36.799082	3	0	2	402	8	-76
28-02-2020 03:01:36.799480	3	0	2	402	5	-78
28-02-2020 03:02:35.979360	3	0	2	403	14	-75
28-02-2020 03:02:35.980007	3	0	2	403	11	-76
28-02-2020 03:02:35.980439	3	0	2	403	8	-80
28-02-2020 03:02:35.980842	3	0	2	403	5	-82
28-02-2020 03:03:35.200713	3	0	2	404	14	-72
28-02-2020 03:03:35.201328	3	0	2	404	11	-75
28-02-2020 03:03:35.201770	3	0	2	404	8	-77
28-02-2020 03:03:35.202159	3	0	2	404	5	-80
28-02-2020 03:04:34.415468	3	0	2	405	14	-71
28-02-2020 03:04:34.416095	3	0	2	405	11	-73
28-02-2020 03:04:34.416540	3	0	2	405	8	-77
28-02-2020 03:04:34.416928	3	0	2	405	5	-80
28-02-2020 03:05:33.588388	3	0	2	406	14	-71
28-02-2020 03:05:33.589041	3	0	2	406	11	-72
28-02-2020 03:05:33.589466	3	0	2	406	8	-76
28-02-2020 03:05:33.589861	3	0	2	406	5	-79
28-02-2020 03:06:32.812403	3	0	2	407	14	-72
28-02-2020 03:06:32.813044	3	0	2	407	11	-75
28-02-2020 03:06:32.813481	3	0	2	407	8	-77
28-02-2020 03:07:31.987348	3	0	2	408	14	-72
28-02-2020 03:07:31.987985	3	0	2	408	11	-74
28-02-2020 03:07:31.988417	3	0	2	408	8	-77
28-02-2020 03:07:31.988813	3	0	2	408	5	-81
28-02-2020 03:08:31.163483	3	0	2	409	14	-72
28-02-2020 03:08:31.164575	3	0	2	409	11	-75
28-02-2020 03:08:31.165006	3	0	2	409	8	-78
28-02-2020 03:08:31.165581	3	0	2	409	5	-81
28-02-2020 03:09:30.346817	3	0	2	410	14	-71
28-02-2020 03:09:30.347490	3	0	2	410	11	-73
28-02-2020 03:09:30.348018	3	0	2	410	8	-77
28-02-2020 03:09:30.348464	3	0	2	410	5	-81
28-02-2020 03:10:29.507193	3	0	2	411	14	-72
28-02-2020 03:10:29.507970	3	0	2	411	11	-75
28-02-2020 03:10:29.508487	3	0	2	411	8	-78
28-02-2020 03:10:29.508937	3	0	2	411	5	-81
28-02-2020 03:11:28.666950	3	0	2	412	14	-73
28-02-2020 03:11:28.667685	3	0	2	412	11	-76
28-02-2020 03:11:28.668195	3	0	2	412	8	-79
28-02-2020 03:11:28.668684	3	0	2	412	5	-82
28-02-2020 03:12:27.853736	3	0	2	413	14	-75
28-02-2020 03:12:27.854574	3	0	2	413	11	-78
28-02-2020 03:12:27.855003	3	0	2	413	8	-81
28-02-2020 03:13:27.018798	3	0	2	414	14	-73
28-02-2020 03:13:27.019464	3	0	2	414	11	-75
28-02-2020 03:13:27.019993	3	0	2	414	8	-78
28-02-2020 03:13:27.020436	3	0	2	414	5	-81
28-02-2020 03:14:26.200234	3	0	2	415	14	-74
28-02-2020 03:14:26.200992	3	0	2	415	11	-75
28-02-2020 03:14:26.201612	3	0	2	415	8	-78
28-02-2020 03:14:26.202018	3	0	2	415	5	-83
28-02-2020 03:15:25.388787	3	0	2	416	14	-71
28-02-2020 03:15:25.389601	3	0	2	416	11	-73
28-02-2020 03:15:25.390028	3	0	2	416	8	-77
28-02-2020 03:15:25.390469	3	0	2	416	5	-80
28-02-2020 03:16:24.591796	3	0	2	417	14	-72
28-02-2020 03:16:24.592466	3	0	2	417	11	-75
28-02-2020 03:16:24.593000	3	0	2	417	8	-78
28-02-2020 03:16:24.593452	3	0	2	417	5	-82
28-02-2020 03:17:23.785839	3	0	2	418	14	-70
28-02-2020 03:17:23.786572	3	0	2	418	11	-73
28-02-2020 03:17:23.787047	3	0	2	418	8	-76
28-02-2020 03:17:23.787490	3	0	2	418	5	-80
28-02-2020 03:18:22.979357	3	0	2	419	14	-75
28-02-2020 03:18:22.980100	3	0	2	419	11	-77
28-02-2020 03:19:22.198037	3	0	2	420	14	-72
28-02-2020 03:19:22.198781	3	0	2	420	11	-72
28-02-2020 03:19:22.199297	3	0	2	420	8	-77
28-02-2020 03:19:22.199792	3	0	2	420	5	-81
28-02-2020 03:20:21.373133	3	0	2	421	14	-72
28-02-2020 03:20:21.374142	3	0	2	421	11	-73
28-02-2020 03:20:21.374658	3	0	2	421	5	-81
28-02-2020 03:21:20.506021	3	0	2	422	14	-72
28-02-2020 03:21:20.506800	3	0	2	422	11	-73
28-02-2020 03:21:20.507257	3	0	2	422	8	-77
28-02-2020 03:21:20.507750	3	0	2	422	5	-80
28-02-2020 03:22:19.677752	3	0	2	423	14	-71
28-02-2020 03:22:19.678471	3	0	2	423	11	-73
28-02-2020 03:22:19.678953	3	0	2	423	8	-76
28-02-2020 03:22:19.679347	3	0	2	423	5	-79
28-02-2020 03:23:18.840732	3	0	2	424	14	-72
28-02-2020 03:23:18.841450	3	0	2	424	11	-74
28-02-2020 03:23:18.841944	3	0	2	424	8	-77
28-02-2020 03:23:18.842336	3	0	2	424	5	-80
28-02-2020 03:24:17.982568	3	0	2	425	14	-71
28-02-2020 03:24:17.983217	3	0	2	425	11	-74
28-02-2020 03:24:17.983978	3	0	2	425	8	-76
28-02-2020 03:24:17.984427	3	0	2	425	5	-81
28-02-2020 03:25:17.187748	3	0	2	426	14	-73
28-02-2020 03:25:17.188457	3	0	2	426	11	-75
28-02-2020 03:25:17.188939	3	0	2	426	8	-78
28-02-2020 03:26:16.377267	3	0	2	427	14	-71
28-02-2020 03:26:16.378072	3	0	2	427	11	-75
28-02-2020 03:26:16.378633	3	0	2	427	8	-77
28-02-2020 03:26:16.379034	3	0	2	427	5	-80
28-02-2020 03:27:15.575799	3	0	2	428	14	-72
28-02-2020 03:27:15.576572	3	0	2	428	11	-73
28-02-2020 03:27:15.577046	3	0	2	428	8	-77
28-02-2020 03:27:15.577554	3	0	2	428	5	-80
28-02-2020 03:28:14.759011	3	0	2	429	14	-72
28-02-2020 03:28:14.759814	3	0	2	429	11	-73
28-02-2020 03:28:14.760286	3	0	2	429	8	-77
28-02-2020 03:28:14.760790	3	0	2	429	5	-81
28-02-2020 03:29:13.976597	3	0	2	430	14	-72
28-02-2020 03:29:13.977299	3	0	2	430	11	-72
28-02-2020 03:29:13.977845	3	0	2	430	8	-76
28-02-2020 03:29:13.978242	3	0	2	430	5	-81
28-02-2020 03:30:13.191816	3	0	2	431	14	-70
28-02-2020 03:30:13.192488	3	0	2	431	11	-71
28-02-2020 03:30:13.193021	3	0	2	431	8	-75
28-02-2020 03:30:13.193479	3	0	2	431	5	-78
28-02-2020 03:31:12.372798	3	0	2	432	14	-72
28-02-2020 03:31:12.373479	3	0	2	432	11	-72
28-02-2020 03:31:12.374250	3	0	2	432	8	-77
28-02-2020 03:31:12.374810	3	0	2	432	5	-79
28-02-2020 03:32:11.558935	3	0	2	433	14	-73
28-02-2020 03:32:11.559676	3	0	2	433	11	-75
28-02-2020 03:32:11.560186	3	0	2	433	8	-79
28-02-2020 03:32:11.560678	3	0	2	433	5	-81
28-02-2020 03:33:10.735154	3	0	2	434	14	-72
28-02-2020 03:33:10.735962	3	0	2	434	11	-74
28-02-2020 03:33:10.736485	3	0	2	434	8	-76
28-02-2020 03:33:10.736943	3	0	2	434	5	-81
28-02-2020 03:34:09.946711	3	0	2	435	14	-72
28-02-2020 03:34:09.947365	3	0	2	435	11	-74
28-02-2020 03:34:09.947907	3	0	2	435	8	-77
28-02-2020 03:34:09.948308	3	0	2	435	5	-80
28-02-2020 03:35:09.157924	3	0	2	436	14	-73
28-02-2020 03:35:09.158563	3	0	2	436	11	-74
28-02-2020 03:35:09.158987	3	0	2	436	8	-78
28-02-2020 03:36:08.333773	3	0	2	437	14	-72
28-02-2020 03:36:08.334393	3	0	2	437	11	-74
28-02-2020 03:36:08.334826	3	0	2	437	8	-78
28-02-2020 03:36:08.335215	3	0	2	437	5	-80
28-02-2020 03:37:07.501090	3	0	2	438	14	-72
28-02-2020 03:37:07.501730	3	0	2	438	11	-74
28-02-2020 03:37:07.502161	3	0	2	438	8	-78
28-02-2020 03:37:07.502567	3	0	2	438	5	-81
28-02-2020 03:38:06.679147	3	0	2	439	14	-72
28-02-2020 03:38:06.679795	3	0	2	439	11	-74
28-02-2020 03:38:06.680224	3	0	2	439	8	-78
28-02-2020 03:38:06.680634	3	0	2	439	5	-81
28-02-2020 03:39:05.855924	3	0	2	440	14	-71
28-02-2020 03:39:05.856568	3	0	2	440	11	-73
28-02-2020 03:39:05.856991	3	0	2	440	8	-76
28-02-2020 03:39:05.858132	3	0	2	440	5	-81
28-02-2020 03:40:05.035433	3	0	2	441	14	-71
28-02-2020 03:40:05.036079	3	0	2	441	11	-73
28-02-2020 03:40:05.036519	3	0	2	441	8	-76
28-02-2020 03:41:04.213097	3	0	2	442	14	-73
28-02-2020 03:41:04.213936	3	0	2	442	11	-76
28-02-2020 03:41:04.214414	3	0	2	442	8	-79
28-02-2020 03:41:04.214828	3	0	2	442	5	-81
28-02-2020 03:42:03.369389	3	0	2	443	14	-72
28-02-2020 03:42:03.370036	3	0	2	443	11	-75
28-02-2020 03:42:03.370458	3	0	2	443	8	-77
28-02-2020 03:43:02.594264	3	0	2	444	14	-72
28-02-2020 03:43:02.594901	3	0	2	444	11	-74
28-02-2020 03:43:02.595323	3	0	2	444	8	-78
28-02-2020 03:43:02.595724	3	0	2	444	5	-80
28-02-2020 03:44:01.811746	3	0	2	445	14	-72
28-02-2020 03:44:01.812348	3	0	2	445	11	-74
28-02-2020 03:44:01.812792	3	0	2	445	8	-78
28-02-2020 03:44:01.813180	3	0	2	445	5	-81
28-02-2020 03:45:01.010241	3	0	2	446	14	-71
28-02-2020 03:45:01.010922	3	0	2	446	11	-72
28-02-2020 03:45:01.011355	3	0	2	446	8	-76
28-02-2020 03:45:01.011768	3	0	2	446	5	-78
28-02-2020 03:46:00.141813	3	0	2	447	14	-72
28-02-2020 03:46:00.142483	3	0	2	447	11	-74
28-02-2020 03:46:00.143022	3	0	2	447	8	-76
28-02-2020 03:46:00.143464	3	0	2	447	5	-79
28-02-2020 03:46:59.289586	3	0	2	448	14	-72
28-02-2020 03:46:59.290447	3	0	2	448	11	-74
28-02-2020 03:46:59.290921	3	0	2	448	8	-78
28-02-2020 03:46:59.291450	3	0	2	448	5	-81
28-02-2020 03:47:58.491169	3	0	2	449	14	-71
28-02-2020 03:47:58.491950	3	0	2	449	11	-72
28-02-2020 03:47:58.492468	3	0	2	449	8	-76
28-02-2020 03:47:58.492922	3	0	2	449	5	-79
28-02-2020 03:48:57.659360	3	0	2	450	14	-72
28-02-2020 03:48:57.660111	3	0	2	450	11	-74
28-02-2020 03:48:57.660711	3	0	2	450	8	-77
28-02-2020 03:48:57.661112	3	0	2	450	5	-81
28-02-2020 03:49:56.854856	3	0	2	451	14	-75
28-02-2020 03:49:56.855587	3	0	2	451	11	-75
28-02-2020 03:49:56.856065	3	0	2	451	8	-79
28-02-2020 03:50:56.039597	3	0	2	452	14	-72
28-02-2020 03:50:56.040297	3	0	2	452	11	-73
28-02-2020 03:50:56.040836	3	0	2	452	8	-76
28-02-2020 03:50:56.041228	3	0	2	452	5	-80
28-02-2020 03:51:55.236918	3	0	2	453	14	-76
28-02-2020 03:51:55.237657	3	0	2	453	11	-81
28-02-2020 03:51:55.238170	3	0	2	453	8	-83
28-02-2020 03:51:55.238664	3	0	2	453	5	-84
28-02-2020 03:52:54.435752	3	0	2	454	14	-63
28-02-2020 03:52:54.436454	3	0	2	454	11	-65
28-02-2020 03:52:54.436929	3	0	2	454	8	-68
28-02-2020 03:52:54.437326	3	0	2	454	5	-70
28-02-2020 03:53:53.611190	3	0	2	455	14	-63
28-02-2020 03:53:53.612027	3	0	2	455	11	-68
28-02-2020 03:53:53.612490	3	0	2	455	8	-69
28-02-2020 03:53:53.612967	3	0	2	455	5	-72
28-02-2020 03:54:52.826827	3	0	2	456	14	-21
28-02-2020 03:54:52.827560	3	0	2	456	11	-24
28-02-2020 03:54:52.828039	3	0	2	456	8	-26
28-02-2020 03:54:52.828482	3	0	2	456	5	-30
28-02-2020 03:55:52.077815	3	0	2	457	14	-17
28-02-2020 03:55:52.078484	3	0	2	457	11	-18
28-02-2020 03:55:52.079020	3	0	2	457	8	-20
28-02-2020 03:55:52.079467	3	0	2	457	5	-24
28-02-2020 03:56:51.275237	3	0	2	458	14	-14
28-02-2020 03:56:51.276036	3	0	2	458	11	-16
28-02-2020 03:56:51.276589	3	0	2	458	8	-18
28-02-2020 03:56:51.276986	3	0	2	458	5	-21
28-02-2020 03:57:50.475862	3	0	2	459	14	-18
28-02-2020 03:57:50.476590	3	0	2	459	11	-25
28-02-2020 03:57:50.477062	3	0	2	459	8	-30
28-02-2020 03:57:50.477550	3	0	2	459	5	-32
28-02-2020 03:58:49.661353	3	0	2	460	14	-18
28-02-2020 03:58:49.662102	3	0	2	460	11	-20
28-02-2020 03:58:49.662703	3	0	2	460	8	-23
28-02-2020 03:58:49.663093	3	0	2	460	5	-26
28-02-2020 03:59:48.868247	3	0	2	461	14	-14
28-02-2020 03:59:48.869068	3	0	2	461	11	-16
28-02-2020 03:59:48.869574	3	0	2	461	8	-18
28-02-2020 03:59:48.870049	3	0	2	461	5	-21
