Time	sourceID	routerID	destinyID	packetID	txPower	RSSI
27-02-2020 20:40:22.893252	2	0	1	0	11	-17
27-02-2020 20:40:22.894169	2	0	1	0	8	-17
27-02-2020 20:40:22.894688	2	0	1	0	5	-20
27-02-2020 20:40:22.895088	3	0	1	12	5	-33
27-02-2020 20:40:22.895682	3	0	1	13	14	-18
27-02-2020 20:40:22.896080	3	0	1	13	11	-19
27-02-2020 20:40:22.896571	3	0	1	13	8	-21
27-02-2020 20:40:22.897017	3	0	1	13	5	-24
27-02-2020 20:40:22.897450	3	2	1	13	14	-24
27-02-2020 20:40:22.898200	3	2	1	13	11	-26
27-02-2020 20:41:22.109020	2	0	1	1	5	-18
27-02-2020 20:41:22.109803	3	0	1	14	11	-26
27-02-2020 20:41:22.110242	3	0	1	14	8	-28
27-02-2020 20:41:22.110728	3	0	1	14	5	-30
27-02-2020 20:41:22.111243	3	2	1	14	14	-30
27-02-2020 20:41:22.111756	3	2	1	14	11	-33
27-02-2020 20:41:22.112223	3	2	1	14	8	-37
27-02-2020 20:41:22.112751	3	2	1	14	5	-42
27-02-2020 20:41:22.113137	2	0	1	1	14	-15
27-02-2020 20:41:22.113672	3	2	1	14	14	-30
27-02-2020 20:41:22.114069	3	2	1	14	11	-33
27-02-2020 20:41:22.114548	3	2	1	14	8	-37
27-02-2020 20:41:22.115067	3	2	1	14	5	-42
27-02-2020 20:42:21.298793	2	0	1	2	8	-50
27-02-2020 20:42:21.299474	2	0	1	2	5	-52
27-02-2020 20:42:21.300006	3	0	1	15	8	-42
27-02-2020 20:42:21.300449	3	0	1	15	5	-44
27-02-2020 20:42:21.301007	3	2	1	15	14	-22
27-02-2020 20:42:21.301444	3	2	1	15	11	-23
27-02-2020 20:42:21.301910	3	2	1	15	8	-24
27-02-2020 20:42:21.302436	3	2	1	15	5	-27
27-02-2020 20:42:21.302874	2	0	1	2	14	-50
27-02-2020 20:42:21.303334	3	2	1	15	14	-22
27-02-2020 20:42:21.303852	3	2	1	15	11	-23
27-02-2020 20:42:21.304244	3	2	1	15	8	-24
27-02-2020 20:43:20.473809	2	0	1	3	8	-39
27-02-2020 20:43:20.474547	2	0	1	3	5	-42
27-02-2020 20:43:20.475017	3	0	1	16	8	-39
27-02-2020 20:43:20.475459	3	0	1	16	5	-42
27-02-2020 20:43:20.476008	3	2	1	16	14	-18
27-02-2020 20:43:20.476446	3	2	1	16	11	-19
27-02-2020 20:43:20.476912	3	2	1	16	8	-21
27-02-2020 20:43:20.477433	3	2	1	16	5	-24
27-02-2020 20:43:20.478059	2	0	1	3	14	-36
27-02-2020 20:43:20.478641	3	2	1	16	14	-18
27-02-2020 20:43:20.479029	3	2	1	16	11	-19
27-02-2020 20:43:20.479469	3	2	1	16	8	-21
27-02-2020 20:44:19.665922	2	0	1	4	8	-39
27-02-2020 20:44:19.666659	2	0	1	4	5	-42
27-02-2020 20:44:19.667174	3	0	1	17	8	-41
27-02-2020 20:44:19.667890	3	0	1	17	5	-43
27-02-2020 20:44:19.668429	3	2	1	17	14	-18
27-02-2020 20:44:19.668873	3	2	1	17	11	-19
27-02-2020 20:44:19.669331	3	2	1	17	8	-21
27-02-2020 20:44:19.669839	3	2	1	17	5	-24
27-02-2020 20:44:19.670223	2	0	1	4	14	-36
27-02-2020 20:44:19.670771	3	2	1	17	14	-18
27-02-2020 20:44:19.671165	3	2	1	17	11	-19
27-02-2020 20:44:19.671712	3	2	1	17	8	-21
27-02-2020 20:45:18.881236	2	0	1	5	8	-52
27-02-2020 20:45:18.881976	2	0	1	5	5	-54
27-02-2020 20:45:18.882578	3	0	1	18	8	-42
27-02-2020 20:45:18.882974	3	0	1	18	5	-43
27-02-2020 20:45:18.883541	3	2	1	18	14	-18
27-02-2020 20:45:18.883937	3	2	1	18	11	-16
27-02-2020 20:45:18.884319	3	2	1	18	8	-18
27-02-2020 20:45:18.884870	3	2	1	18	5	-20
27-02-2020 20:45:18.885260	2	0	1	5	14	-48
27-02-2020 20:45:18.885801	3	2	1	18	14	-18
27-02-2020 20:45:18.886239	3	2	1	18	11	-16
27-02-2020 20:45:18.886719	3	2	1	18	8	-18
27-02-2020 20:46:18.063259	2	0	1	6	8	-37
27-02-2020 20:46:18.064080	2	0	1	6	5	-41
27-02-2020 20:46:18.064641	3	0	1	19	8	-71
27-02-2020 20:46:18.065051	3	0	1	19	5	-85
27-02-2020 20:46:18.065631	3	2	1	19	14	-19
27-02-2020 20:46:18.066028	3	2	1	19	11	-22
27-02-2020 20:46:18.066464	3	2	1	19	8	-25
27-02-2020 20:46:18.066969	3	2	1	19	5	-29
27-02-2020 20:46:18.067408	2	0	1	6	14	-33
27-02-2020 20:46:18.068183	3	2	1	19	14	-19
27-02-2020 20:46:18.068668	3	2	1	19	11	-22
27-02-2020 20:46:18.069173	3	2	1	19	8	-25
27-02-2020 20:47:17.258298	2	0	1	7	8	-39
27-02-2020 20:47:17.259085	2	0	1	7	5	-42
27-02-2020 20:47:17.259642	3	0	1	20	8	-60
27-02-2020 20:47:17.260036	3	0	1	20	5	-62
27-02-2020 20:47:17.260615	3	2	1	20	14	-25
27-02-2020 20:47:17.261011	3	2	1	20	11	-28
27-02-2020 20:47:17.261443	3	2	1	20	8	-32
27-02-2020 20:47:17.261942	3	2	1	20	5	-36
27-02-2020 20:47:17.262325	2	0	1	7	14	-36
27-02-2020 20:47:17.262917	3	2	1	20	14	-25
27-02-2020 20:47:17.263306	3	2	1	20	11	-28
27-02-2020 20:47:17.263812	3	2	1	20	8	-32
27-02-2020 20:48:16.494821	2	0	1	8	8	-15
27-02-2020 20:48:16.495652	2	0	1	8	5	-15
27-02-2020 20:48:16.496082	3	0	1	21	8	-37
27-02-2020 20:48:16.496570	3	0	1	21	5	-39
27-02-2020 20:48:16.497081	3	2	1	21	14	-14
27-02-2020 20:48:16.498192	3	2	1	21	11	-14
27-02-2020 20:48:16.498720	3	2	1	21	8	-14
27-02-2020 20:48:16.499147	3	2	1	21	5	-15
27-02-2020 20:48:16.499691	2	0	1	8	14	-15
27-02-2020 20:48:16.500093	3	2	1	21	14	-14
27-02-2020 20:48:16.500593	3	2	1	21	11	-14
27-02-2020 20:48:16.501036	3	2	1	21	8	-14
27-02-2020 20:49:15.716476	2	0	1	9	8	-21
27-02-2020 20:49:15.717257	2	0	1	9	5	-24
27-02-2020 20:49:15.717951	3	0	1	22	8	-33
27-02-2020 20:49:15.718536	3	0	1	22	5	-36
27-02-2020 20:49:15.718939	3	2	1	22	14	-34
27-02-2020 20:49:15.719330	3	2	1	22	11	-38
27-02-2020 20:49:15.719898	3	2	1	22	8	-42
27-02-2020 20:49:15.720289	3	2	1	22	5	-46
27-02-2020 20:49:15.720838	2	0	1	9	14	-20
27-02-2020 20:49:15.721279	3	2	1	22	14	-34
27-02-2020 20:49:15.721759	3	2	1	22	11	-38
27-02-2020 20:49:15.722263	3	2	1	22	8	-42
27-02-2020 20:50:14.896599	2	0	1	10	8	-35
27-02-2020 20:50:14.897288	2	0	1	10	5	-38
27-02-2020 20:50:14.898010	3	0	1	23	5	-42
27-02-2020 20:50:14.898459	3	2	1	23	14	-24
27-02-2020 20:50:14.898968	3	2	1	23	11	-30
27-02-2020 20:50:14.899409	3	2	1	23	8	-35
27-02-2020 20:50:14.899958	3	2	1	23	5	-39
27-02-2020 20:50:14.900347	2	0	1	10	14	-30
27-02-2020 20:50:14.900832	3	2	1	23	14	-24
27-02-2020 20:50:14.901344	3	2	1	23	11	-30
27-02-2020 20:50:14.901830	3	2	1	23	8	-35
27-02-2020 20:51:14.083917	2	0	1	11	8	-46
27-02-2020 20:51:14.084650	2	0	1	11	5	-50
27-02-2020 20:51:14.085162	3	0	1	24	8	-38
27-02-2020 20:51:14.085651	3	0	1	24	5	-42
27-02-2020 20:51:14.086153	3	2	1	24	14	-15
27-02-2020 20:51:14.086647	3	2	1	24	11	-16
27-02-2020 20:51:14.087041	3	2	1	24	8	-20
27-02-2020 20:51:14.087788	3	2	1	24	5	-24
27-02-2020 20:51:14.088187	2	0	1	11	14	-38
27-02-2020 20:51:14.088738	3	2	1	24	14	-15
27-02-2020 20:51:14.089128	3	2	1	24	11	-16
27-02-2020 20:51:14.089602	3	2	1	24	8	-20
27-02-2020 20:52:13.278808	2	0	1	12	8	-39
27-02-2020 20:52:13.279551	2	0	1	12	5	-42
27-02-2020 20:52:13.280020	3	0	1	25	8	-42
27-02-2020 20:52:13.280459	3	0	1	25	5	-45
27-02-2020 20:52:13.281016	3	2	1	25	14	-14
27-02-2020 20:52:13.281460	3	2	1	25	11	-15
27-02-2020 20:52:13.281929	3	2	1	25	8	-17
27-02-2020 20:52:13.282462	3	2	1	25	5	-20
27-02-2020 20:52:13.282905	2	0	1	12	14	-33
27-02-2020 20:52:13.283424	3	2	1	25	14	-14
27-02-2020 20:52:13.283865	3	2	1	25	11	-15
27-02-2020 20:52:13.284246	3	2	1	25	8	-17
27-02-2020 20:53:12.505289	2	0	1	13	8	-44
27-02-2020 20:53:12.506063	2	0	1	13	5	-46
27-02-2020 20:53:12.506621	3	0	1	26	8	-38
27-02-2020 20:53:12.507012	3	0	1	26	5	-42
27-02-2020 20:53:12.507769	3	2	1	26	14	-14
27-02-2020 20:53:12.508176	3	2	1	26	11	-15
27-02-2020 20:53:12.508718	3	2	1	26	8	-18
27-02-2020 20:53:12.509117	3	2	1	26	5	-19
27-02-2020 20:53:12.509591	2	0	1	13	14	-43
27-02-2020 20:53:12.510103	3	2	1	26	14	-14
27-02-2020 20:53:12.510587	3	2	1	26	11	-15
27-02-2020 20:53:12.511054	3	2	1	26	8	-18
27-02-2020 20:54:11.689142	2	0	1	14	8	-54
27-02-2020 20:54:11.689951	2	0	1	14	5	-58
27-02-2020 20:54:11.690465	3	0	1	27	8	-59
27-02-2020 20:54:11.690913	3	0	1	27	5	-62
27-02-2020 20:54:11.691463	3	2	1	27	14	-14
27-02-2020 20:54:11.691903	3	2	1	27	11	-15
27-02-2020 20:54:11.692314	3	2	1	27	8	-17
27-02-2020 20:54:11.692827	3	2	1	27	5	-20
27-02-2020 20:54:11.693208	2	0	1	14	14	-48
27-02-2020 20:54:11.693776	3	2	1	27	14	-14
27-02-2020 20:54:11.694173	3	2	1	27	11	-15
27-02-2020 20:54:11.694653	3	2	1	27	8	-17
27-02-2020 20:55:10.853138	2	0	1	15	8	-43
27-02-2020 20:55:10.853918	2	0	1	15	5	-46
27-02-2020 20:55:10.854431	3	0	1	28	8	-59
27-02-2020 20:55:10.854879	3	0	1	28	5	-63
27-02-2020 20:55:10.855435	3	2	1	28	14	-14
27-02-2020 20:55:10.855888	3	2	1	28	11	-15
27-02-2020 20:55:10.856297	3	2	1	28	8	-18
27-02-2020 20:55:10.856805	3	2	1	28	5	-21
27-02-2020 20:55:10.857193	2	0	1	15	14	-37
27-02-2020 20:55:10.857943	3	2	1	28	14	-14
27-02-2020 20:55:10.858335	3	2	1	28	11	-15
27-02-2020 20:55:10.858850	3	2	1	28	8	-18
27-02-2020 20:56:10.038701	2	0	1	16	8	-48
27-02-2020 20:56:10.039349	2	0	1	16	5	-52
27-02-2020 20:56:10.039911	3	0	1	29	8	-46
27-02-2020 20:56:10.040299	3	0	1	29	5	-49
27-02-2020 20:56:10.040873	3	2	1	29	14	-14
27-02-2020 20:56:10.041274	3	2	1	29	11	-14
27-02-2020 20:56:10.041787	3	2	1	29	8	-15
27-02-2020 20:56:10.042273	3	2	1	29	5	-17
27-02-2020 20:56:10.042759	2	0	1	16	14	-41
27-02-2020 20:56:10.043219	3	2	1	29	14	-14
27-02-2020 20:56:10.043757	3	2	1	29	11	-14
27-02-2020 20:56:10.044140	3	2	1	29	8	-15
27-02-2020 20:57:09.208026	2	0	1	17	8	-46
27-02-2020 20:57:09.208789	2	0	1	17	5	-50
27-02-2020 20:57:09.209208	3	0	1	30	8	-53
27-02-2020 20:57:09.209724	3	0	1	30	5	-56
27-02-2020 20:57:09.210207	3	2	1	30	14	-14
27-02-2020 20:57:09.210694	3	2	1	30	11	-14
27-02-2020 20:57:09.211197	3	2	1	30	8	-15
27-02-2020 20:57:09.211683	3	2	1	30	5	-17
27-02-2020 20:57:09.212066	2	0	1	17	14	-40
27-02-2020 20:57:09.212631	3	2	1	30	14	-14
27-02-2020 20:57:09.213015	3	2	1	30	11	-14
27-02-2020 20:57:09.213443	3	2	1	30	8	-15
27-02-2020 20:58:08.398436	2	0	1	18	8	-42
27-02-2020 20:58:08.399174	2	0	1	18	5	-46
27-02-2020 20:58:08.399749	3	0	1	31	8	-58
27-02-2020 20:58:08.400143	3	0	1	31	5	-60
27-02-2020 20:58:08.400680	3	2	1	31	14	-14
27-02-2020 20:58:08.401073	3	2	1	31	11	-14
27-02-2020 20:58:08.401546	3	2	1	31	8	-16
27-02-2020 20:58:08.402033	3	2	1	31	5	-18
27-02-2020 20:58:08.402471	2	0	1	18	14	-36
27-02-2020 20:58:08.402979	3	2	1	31	14	-14
27-02-2020 20:58:08.403462	3	2	1	31	11	-14
27-02-2020 20:58:08.403899	3	2	1	31	8	-16
27-02-2020 20:59:07.548146	2	0	1	19	8	-39
27-02-2020 20:59:07.548928	2	0	1	19	5	-43
27-02-2020 20:59:07.549440	3	0	1	32	8	-44
27-02-2020 20:59:07.549882	3	0	1	32	5	-48
27-02-2020 20:59:07.550426	3	2	1	32	14	-14
27-02-2020 20:59:07.550865	3	2	1	32	11	-15
27-02-2020 20:59:07.551272	3	2	1	32	8	-17
27-02-2020 20:59:07.551814	3	2	1	32	5	-18
27-02-2020 20:59:07.552207	2	0	1	19	14	-33
27-02-2020 20:59:07.552780	3	2	1	32	14	-14
27-02-2020 20:59:07.553177	3	2	1	32	11	-15
27-02-2020 20:59:07.553653	3	2	1	32	8	-17
27-02-2020 21:00:06.722775	2	0	1	20	8	-45
27-02-2020 21:00:06.723443	2	0	1	20	5	-49
27-02-2020 21:00:06.723967	3	0	1	33	8	-55
27-02-2020 21:00:06.724411	3	0	1	33	5	-58
27-02-2020 21:00:06.724962	3	2	1	33	14	-14
27-02-2020 21:00:06.725407	3	2	1	33	11	-15
27-02-2020 21:00:06.725844	3	2	1	33	8	-17
27-02-2020 21:00:06.726350	3	2	1	33	5	-20
27-02-2020 21:00:06.726831	2	0	1	20	14	-39
27-02-2020 21:00:06.727289	3	2	1	33	14	-14
27-02-2020 21:00:06.728130	3	2	1	33	11	-15
27-02-2020 21:00:06.728675	3	2	1	33	8	-17
27-02-2020 21:01:05.904543	2	0	1	21	8	-46
27-02-2020 21:01:05.905277	2	0	1	21	5	-51
27-02-2020 21:01:05.905790	3	0	1	34	8	-50
27-02-2020 21:01:05.906181	3	0	1	34	5	-54
27-02-2020 21:01:05.906720	3	2	1	34	14	-14
27-02-2020 21:01:05.907119	3	2	1	34	11	-15
27-02-2020 21:01:05.907871	3	2	1	34	8	-18
27-02-2020 21:01:05.908269	3	2	1	34	5	-21
27-02-2020 21:01:05.908777	2	0	1	21	14	-39
27-02-2020 21:01:05.909254	3	2	1	34	14	-14
27-02-2020 21:01:05.909729	3	2	1	34	11	-15
27-02-2020 21:01:05.910188	3	2	1	34	8	-18
27-02-2020 21:02:05.088841	2	0	1	22	8	-53
27-02-2020 21:02:05.089661	2	0	1	22	5	-56
27-02-2020 21:02:05.090082	3	0	1	35	8	-56
27-02-2020 21:02:05.090567	3	0	1	35	5	-61
27-02-2020 21:02:05.091079	3	2	1	35	14	-15
27-02-2020 21:02:05.091566	3	2	1	35	11	-17
27-02-2020 21:02:05.092030	3	2	1	35	8	-21
27-02-2020 21:02:05.092554	3	2	1	35	5	-24
27-02-2020 21:02:05.092945	2	0	1	22	14	-47
27-02-2020 21:02:05.093466	3	2	1	35	14	-15
27-02-2020 21:02:05.093904	3	2	1	35	11	-17
27-02-2020 21:02:05.094293	3	2	1	35	8	-21
27-02-2020 21:03:04.289142	2	0	1	23	8	-43
27-02-2020 21:03:04.289917	2	0	1	23	5	-48
27-02-2020 21:03:04.290431	3	0	1	36	8	-52
27-02-2020 21:03:04.290875	3	0	1	36	5	-54
27-02-2020 21:03:04.291424	3	2	1	36	14	-15
27-02-2020 21:03:04.291870	3	2	1	36	11	-17
27-02-2020 21:03:04.292283	3	2	1	36	8	-20
27-02-2020 21:03:04.292788	3	2	1	36	5	-24
27-02-2020 21:03:04.293176	2	0	1	23	14	-37
27-02-2020 21:03:04.293686	3	2	1	36	14	-15
27-02-2020 21:03:04.294124	3	2	1	36	11	-17
27-02-2020 21:03:04.294599	3	2	1	36	8	-20
27-02-2020 21:04:03.505445	2	0	1	24	8	-36
27-02-2020 21:04:03.506173	2	0	1	24	5	-41
27-02-2020 21:04:03.506726	3	0	1	37	8	-39
27-02-2020 21:04:03.507130	3	0	1	37	5	-42
27-02-2020 21:04:03.507846	3	2	1	37	14	-14
27-02-2020 21:04:03.508255	3	2	1	37	11	-14
27-02-2020 21:04:03.508823	3	2	1	37	8	-14
27-02-2020 21:04:03.509212	3	2	1	37	5	-16
27-02-2020 21:04:03.509698	2	0	1	24	14	-32
27-02-2020 21:04:03.510207	3	2	1	37	14	-14
27-02-2020 21:04:03.510687	3	2	1	37	11	-14
27-02-2020 21:04:03.511151	3	2	1	37	8	-14
27-02-2020 21:05:02.712239	2	0	1	25	8	-37
27-02-2020 21:05:02.712977	2	0	1	25	5	-41
27-02-2020 21:05:02.713579	3	0	1	38	8	-39
27-02-2020 21:05:02.713976	3	0	1	38	5	-43
27-02-2020 21:05:02.714576	3	2	1	38	14	-14
27-02-2020 21:05:02.714973	3	2	1	38	11	-14
27-02-2020 21:05:02.715405	3	2	1	38	8	-14
27-02-2020 21:05:02.715910	3	2	1	38	5	-16
27-02-2020 21:05:02.716294	2	0	1	25	14	-32
27-02-2020 21:05:02.716839	3	2	1	38	14	-14
27-02-2020 21:05:02.717278	3	2	1	38	11	-14
27-02-2020 21:05:02.717965	3	2	1	38	8	-14
27-02-2020 21:06:01.878256	2	0	1	26	8	-36
27-02-2020 21:06:01.879033	2	0	1	26	5	-41
27-02-2020 21:06:01.879612	3	0	1	39	8	-39
27-02-2020 21:06:01.880011	3	0	1	39	5	-42
27-02-2020 21:06:01.880580	3	2	1	39	14	-14
27-02-2020 21:06:01.880975	3	2	1	39	11	-14
27-02-2020 21:06:01.881402	3	2	1	39	8	-14
27-02-2020 21:06:01.881931	3	2	1	39	5	-16
27-02-2020 21:06:01.882319	2	0	1	26	14	-32
27-02-2020 21:06:01.882912	3	2	1	39	14	-14
27-02-2020 21:06:01.883306	3	2	1	39	11	-14
27-02-2020 21:06:01.883792	3	2	1	39	8	-14
27-02-2020 21:07:01.044377	2	0	1	27	8	-37
27-02-2020 21:07:01.045035	2	0	1	27	5	-42
27-02-2020 21:07:01.045494	3	0	1	40	8	-40
27-02-2020 21:07:01.045892	3	0	1	40	5	-43
27-02-2020 21:07:01.046276	3	2	1	40	14	-14
27-02-2020 21:07:01.046682	3	2	1	40	11	-14
27-02-2020 21:07:01.047061	3	2	1	40	8	-15
27-02-2020 21:07:01.047449	3	2	1	40	5	-16
27-02-2020 21:07:01.048138	2	0	1	27	14	-33
27-02-2020 21:07:01.048542	3	2	1	40	14	-14
27-02-2020 21:07:01.048935	3	2	1	40	11	-14
27-02-2020 21:07:01.049320	3	2	1	40	8	-15
27-02-2020 21:08:00.251767	2	0	1	28	8	-72
27-02-2020 21:08:00.252373	2	0	1	28	5	-78
27-02-2020 21:08:00.252810	3	0	1	41	8	-73
27-02-2020 21:08:00.253197	3	0	1	41	5	-77
27-02-2020 21:08:00.253593	3	2	1	41	14	-16
27-02-2020 21:08:00.253993	3	2	1	41	11	-18
27-02-2020 21:08:00.254372	3	2	1	41	8	-24
27-02-2020 21:08:00.254765	3	2	1	41	5	-30
27-02-2020 21:08:00.255157	2	0	1	28	14	-64
27-02-2020 21:08:00.255553	3	2	1	41	14	-16
27-02-2020 21:08:00.255933	3	2	1	41	11	-18
27-02-2020 21:08:00.256316	3	2	1	41	8	-24
27-02-2020 21:08:59.449128	2	0	1	29	8	-78
27-02-2020 21:08:59.449761	3	2	1	42	11	-18
27-02-2020 21:08:59.450179	3	2	1	42	8	-20
27-02-2020 21:08:59.450578	3	2	1	42	5	-24
27-02-2020 21:08:59.450955	2	0	1	29	14	-70
27-02-2020 21:08:59.451350	3	2	1	42	14	-15
27-02-2020 21:08:59.451747	3	2	1	42	11	-18
27-02-2020 21:08:59.452126	3	2	1	42	8	-20
27-02-2020 21:08:59.452524	3	2	1	42	5	-24
27-02-2020 21:11:57.058052	2	0	1	32	8	-81
27-02-2020 21:11:57.058696	3	2	1	45	11	-42
27-02-2020 21:11:57.059128	3	2	1	45	8	-48
27-02-2020 21:11:57.059534	3	2	1	45	5	-52
27-02-2020 21:11:57.059921	2	0	1	32	14	-75
27-02-2020 21:11:57.060322	3	2	1	45	14	-39
27-02-2020 21:11:57.060720	3	2	1	45	11	-42
27-02-2020 21:11:57.061099	3	2	1	45	8	-48
27-02-2020 21:11:57.061509	3	2	1	45	5	-52
27-02-2020 21:17:52.173807	3	2	1	51	14	-74
27-02-2020 21:17:52.174433	3	2	1	51	11	-76
27-02-2020 21:17:52.174867	3	2	1	51	8	-79
27-02-2020 21:17:52.175254	3	2	1	51	5	-82
27-02-2020 21:17:52.175649	2	0	1	38	14	-80
27-02-2020 21:19:50.560679	2	0	1	40	14	-80
27-02-2020 21:19:50.561295	2	0	1	40	11	-79
27-02-2020 21:22:48.099900	3	2	1	56	14	-76
27-02-2020 21:22:48.100536	3	2	1	56	11	-80
27-02-2020 21:22:48.100961	2	0	1	43	14	-82
27-02-2020 21:22:48.101350	3	2	1	56	14	-76
27-02-2020 21:22:48.101750	3	2	1	56	11	-80
27-02-2020 21:22:48.102144	2	0	1	43	11	-83
27-02-2020 21:48:26.784445	3	2	1	82	14	-76
27-02-2020 21:48:26.785068	3	2	1	82	11	-80
27-02-2020 21:48:26.785511	2	0	1	69	14	-80
27-02-2020 21:59:17.688403	3	2	1	93	14	-74
27-02-2020 21:59:17.689032	3	2	1	93	11	-75
27-02-2020 21:59:17.689465	3	2	1	93	8	-79
27-02-2020 21:59:17.689864	3	2	1	93	5	-81
27-02-2020 21:59:17.690244	2	0	1	80	11	-81
27-02-2020 22:00:16.836186	3	2	1	94	14	-73
27-02-2020 22:00:16.836828	3	2	1	94	8	-77
27-02-2020 22:00:16.837253	3	2	1	94	5	-82
27-02-2020 22:00:16.837878	2	0	1	81	14	-82
27-02-2020 22:05:12.842447	3	2	1	99	14	-74
27-02-2020 22:05:12.843081	3	2	1	99	11	-76
27-02-2020 22:05:12.843514	3	2	1	99	8	-80
27-02-2020 22:05:12.843904	3	2	1	99	5	-83
27-02-2020 22:05:12.844293	2	0	1	86	14	-81
27-02-2020 22:06:12.011875	3	2	1	100	14	-72
27-02-2020 22:06:12.012511	3	2	1	100	11	-76
27-02-2020 22:06:12.012936	3	2	1	100	8	-80
27-02-2020 22:06:12.013329	2	0	1	87	11	-82
27-02-2020 22:09:09.573266	3	2	1	103	14	-72
27-02-2020 22:09:09.573907	3	2	1	103	11	-75
27-02-2020 22:09:09.574331	3	2	1	103	8	-78
27-02-2020 22:09:09.574736	3	2	1	103	5	-81
27-02-2020 22:09:09.575119	2	0	1	90	14	-80
27-02-2020 22:11:07.912221	3	2	1	105	14	-73
27-02-2020 22:11:07.912864	3	2	1	105	11	-76
27-02-2020 22:11:07.913294	3	2	1	105	8	-80
27-02-2020 22:11:07.913699	3	2	1	105	5	-84
27-02-2020 22:11:07.914086	2	0	1	92	14	-80
27-02-2020 22:11:07.914636	3	2	1	105	14	-73
27-02-2020 22:11:07.915024	3	2	1	105	11	-76
27-02-2020 22:11:07.915414	3	2	1	105	8	-80
27-02-2020 22:11:07.915815	3	2	1	105	5	-84
27-02-2020 22:11:07.916196	2	0	1	92	11	-81
27-02-2020 22:15:04.652402	3	2	1	109	14	-78
27-02-2020 22:15:04.653029	3	2	1	109	11	-79
27-02-2020 22:15:04.653458	3	2	1	109	8	-81
27-02-2020 22:15:04.653848	2	0	1	96	14	-82
27-02-2020 22:15:04.654226	3	2	1	109	14	-78
27-02-2020 22:15:04.654633	3	2	1	109	11	-79
27-02-2020 22:15:04.655011	3	2	1	109	8	-81
27-02-2020 22:15:04.655394	2	0	1	96	11	-83
27-02-2020 22:20:00.580131	3	2	1	114	14	-72
27-02-2020 22:20:00.580775	3	2	1	114	11	-75
27-02-2020 22:20:00.581206	3	2	1	114	8	-78
27-02-2020 22:20:00.581613	3	2	1	114	5	-81
27-02-2020 22:20:00.581997	2	0	1	101	11	-83
27-02-2020 22:23:57.274183	3	2	1	118	14	-71
27-02-2020 22:23:57.274817	3	2	1	118	11	-74
27-02-2020 22:23:57.275249	3	2	1	118	8	-78
27-02-2020 22:23:57.275653	3	2	1	118	5	-81
27-02-2020 22:23:57.276031	2	0	1	105	14	-84
27-02-2020 22:28:53.127950	3	2	1	123	14	-75
27-02-2020 22:28:53.128610	3	2	1	123	11	-77
27-02-2020 22:28:53.129026	3	2	1	123	8	-80
27-02-2020 22:28:53.129423	2	0	1	110	14	-84
27-02-2020 22:29:52.315840	3	2	1	124	14	-75
27-02-2020 22:29:52.316455	3	2	1	124	11	-78
27-02-2020 22:29:52.316894	3	2	1	124	8	-80
27-02-2020 22:29:52.317281	2	0	1	111	11	-80
27-02-2020 22:29:52.317902	3	2	1	124	14	-75
27-02-2020 22:29:52.318311	3	2	1	124	11	-78
27-02-2020 22:29:52.318709	3	2	1	124	8	-80
27-02-2020 22:29:52.319090	2	0	1	111	8	-83
27-02-2020 22:31:50.662447	3	2	1	126	14	-72
27-02-2020 22:31:50.663071	3	2	1	126	11	-74
27-02-2020 22:31:50.663509	3	2	1	126	8	-78
27-02-2020 22:31:50.663903	2	0	1	113	11	-83
27-02-2020 22:34:48.223888	3	2	1	129	14	-75
27-02-2020 22:34:48.224535	3	2	1	129	11	-77
27-02-2020 22:34:48.224958	3	2	1	129	8	-81
27-02-2020 22:34:48.225346	2	0	1	116	14	-83
27-02-2020 22:38:44.989272	3	2	1	133	14	-71
27-02-2020 22:38:44.989917	3	2	1	133	11	-73
27-02-2020 22:38:44.990323	3	2	1	133	8	-77
27-02-2020 22:38:44.990736	3	2	1	133	5	-81
27-02-2020 22:38:44.991117	2	0	1	120	14	-81
27-02-2020 22:38:44.991511	3	2	1	133	14	-71
27-02-2020 22:38:44.991912	3	2	1	133	11	-73
27-02-2020 22:38:44.992292	3	2	1	133	8	-77
27-02-2020 22:38:44.992683	3	2	1	133	5	-81
27-02-2020 22:38:44.993081	2	0	1	120	11	-82
27-02-2020 22:43:40.972580	3	2	1	138	14	-75
27-02-2020 22:43:40.973194	3	2	1	138	11	-76
27-02-2020 22:43:40.973632	3	2	1	138	8	-81
27-02-2020 22:43:40.974024	3	2	1	138	5	-85
27-02-2020 22:43:40.974414	2	0	1	125	14	-81
27-02-2020 22:47:37.742598	3	2	1	142	14	-72
27-02-2020 22:47:37.743240	3	2	1	142	11	-74
27-02-2020 22:47:37.743665	3	2	1	142	8	-78
27-02-2020 22:47:37.744066	3	2	1	142	5	-82
27-02-2020 22:47:37.744455	2	0	1	129	11	-82
27-02-2020 22:50:35.278237	3	2	1	145	14	-70
27-02-2020 22:50:35.278877	3	2	1	145	11	-72
27-02-2020 22:50:35.279301	3	2	1	145	8	-77
27-02-2020 22:50:35.279708	3	2	1	145	5	-81
27-02-2020 22:50:35.280095	2	0	1	132	11	-81
27-02-2020 22:50:35.280513	3	2	1	145	14	-70
27-02-2020 22:50:35.280892	3	2	1	145	11	-72
27-02-2020 22:50:35.281270	3	2	1	145	8	-77
27-02-2020 22:50:35.281676	3	2	1	145	5	-81
27-02-2020 22:50:35.282053	2	0	1	132	8	-83
27-02-2020 22:51:34.473694	2	0	1	133	8	-85
27-02-2020 22:51:34.474306	3	2	1	146	11	-75
27-02-2020 22:51:34.474750	3	2	1	146	8	-78
27-02-2020 22:51:34.475138	3	2	1	146	5	-82
27-02-2020 22:51:34.475533	2	0	1	133	14	-80
27-02-2020 22:51:34.475930	3	2	1	146	14	-72
27-02-2020 22:51:34.476315	3	2	1	146	11	-75
27-02-2020 22:51:34.476711	3	2	1	146	8	-78
27-02-2020 22:51:34.477101	3	2	1	146	5	-82
27-02-2020 22:53:32.889225	3	2	1	148	14	-73
27-02-2020 22:53:32.889863	3	2	1	148	11	-75
27-02-2020 22:53:32.890287	3	2	1	148	8	-79
27-02-2020 22:53:32.890939	2	0	1	135	14	-82
27-02-2020 22:53:32.891568	3	2	1	148	14	-73
27-02-2020 22:53:32.891961	3	2	1	148	11	-75
27-02-2020 22:53:32.892343	3	2	1	148	8	-79
27-02-2020 22:53:32.892751	2	0	1	135	11	-83
27-02-2020 22:55:31.264736	3	2	1	150	14	-72
27-02-2020 22:55:31.265348	3	2	1	150	11	-74
27-02-2020 22:55:31.265786	3	2	1	150	8	-78
27-02-2020 22:55:31.266174	3	2	1	150	5	-81
27-02-2020 22:55:31.266569	2	0	1	137	14	-81
27-02-2020 22:55:31.266967	3	2	1	150	14	-72
27-02-2020 22:55:31.267351	3	2	1	150	11	-74
27-02-2020 22:55:31.267989	3	2	1	150	8	-78
27-02-2020 22:55:31.268403	3	2	1	150	5	-81
27-02-2020 22:55:31.268796	2	0	1	137	11	-82
27-02-2020 22:56:30.422726	3	2	1	151	14	-73
27-02-2020 22:56:30.423339	3	2	1	151	11	-76
27-02-2020 22:56:30.423783	3	2	1	151	8	-77
27-02-2020 22:56:30.424172	2	0	1	138	14	-80
27-02-2020 22:57:29.619695	3	2	1	152	14	-73
27-02-2020 22:57:29.620309	3	2	1	152	11	-78
27-02-2020 22:57:29.620747	3	2	1	152	8	-80
27-02-2020 22:57:29.621131	2	0	1	139	14	-80
27-02-2020 22:57:29.621527	3	2	1	152	14	-73
27-02-2020 22:57:29.621926	3	2	1	152	11	-78
27-02-2020 22:57:29.622310	3	2	1	152	8	-80
27-02-2020 22:57:29.622706	2	0	1	139	11	-80
27-02-2020 23:00:27.205699	3	2	1	155	14	-71
27-02-2020 23:00:27.206304	3	2	1	155	11	-73
27-02-2020 23:00:27.206745	3	2	1	155	8	-75
27-02-2020 23:00:27.207135	3	2	1	155	5	-80
27-02-2020 23:00:27.207768	2	0	1	142	14	-82
27-02-2020 23:01:26.381335	2	0	1	143	8	-84
27-02-2020 23:01:26.382078	3	2	1	156	11	-74
27-02-2020 23:01:26.382681	3	2	1	156	8	-77
27-02-2020 23:01:26.383079	3	2	1	156	5	-82
27-02-2020 23:01:26.383638	2	0	1	143	14	-79
27-02-2020 23:01:26.384034	3	2	1	156	14	-71
27-02-2020 23:01:26.384471	3	2	1	156	11	-74
27-02-2020 23:01:26.385001	3	2	1	156	8	-77
27-02-2020 23:01:26.385432	3	2	1	156	5	-82
27-02-2020 23:02:25.565800	3	2	1	157	14	-74
27-02-2020 23:02:25.566472	3	2	1	157	11	-75
27-02-2020 23:02:25.567009	3	2	1	157	8	-78
27-02-2020 23:02:25.567725	2	0	1	144	14	-78
27-02-2020 23:02:25.568226	3	2	1	157	14	-74
27-02-2020 23:02:25.568724	3	2	1	157	11	-75
27-02-2020 23:02:25.569240	3	2	1	157	8	-78
27-02-2020 23:02:25.569726	2	0	1	144	11	-79
27-02-2020 23:02:25.570141	3	2	1	157	14	-74
27-02-2020 23:02:25.570686	3	2	1	157	11	-75
27-02-2020 23:02:25.571080	3	2	1	157	8	-78
27-02-2020 23:02:25.571569	2	0	1	144	8	-80
27-02-2020 23:03:24.767132	3	2	1	158	14	-73
27-02-2020 23:03:24.768165	3	2	1	158	11	-75
27-02-2020 23:03:24.768710	3	2	1	158	8	-79
27-02-2020 23:03:24.769191	2	0	1	145	14	-80
27-02-2020 23:03:24.769721	3	2	1	158	14	-73
27-02-2020 23:03:24.770113	3	2	1	158	11	-75
27-02-2020 23:03:24.770646	3	2	1	158	8	-79
27-02-2020 23:03:24.771043	2	0	1	145	11	-80
27-02-2020 23:05:23.165696	3	2	1	160	14	-73
27-02-2020 23:05:23.166346	3	2	1	160	11	-78
27-02-2020 23:05:23.166888	3	2	1	160	8	-81
27-02-2020 23:05:23.167281	2	0	1	147	14	-81
27-02-2020 23:06:22.376848	2	0	1	148	8	-82
27-02-2020 23:06:22.377957	3	2	1	161	11	-76
27-02-2020 23:06:22.378471	3	2	1	161	8	-80
27-02-2020 23:06:22.379044	3	2	1	161	5	-85
27-02-2020 23:06:22.379541	2	0	1	148	14	-77
27-02-2020 23:06:22.379976	3	2	1	161	14	-75
27-02-2020 23:06:22.380560	3	2	1	161	11	-76
27-02-2020 23:06:22.380967	3	2	1	161	8	-80
27-02-2020 23:06:22.381545	3	2	1	161	5	-85
27-02-2020 23:07:21.539351	3	2	1	162	14	-74
27-02-2020 23:07:21.540092	3	2	1	162	11	-77
27-02-2020 23:07:21.540694	3	2	1	162	8	-80
27-02-2020 23:07:21.541091	3	2	1	162	5	-84
27-02-2020 23:07:21.541635	2	0	1	149	14	-82
27-02-2020 23:07:21.542033	3	2	1	162	14	-74
27-02-2020 23:07:21.542467	3	2	1	162	11	-77
27-02-2020 23:07:21.542995	3	2	1	162	8	-80
27-02-2020 23:07:21.543434	3	2	1	162	5	-84
27-02-2020 23:07:21.543954	2	0	1	149	11	-82
27-02-2020 23:11:18.336409	3	2	1	166	14	-80
27-02-2020 23:11:18.337098	3	2	1	166	11	-82
27-02-2020 23:11:18.337880	2	0	1	153	11	-81
27-02-2020 23:11:18.338312	3	2	1	166	14	-80
27-02-2020 23:11:18.338823	3	2	1	166	11	-82
27-02-2020 23:11:18.339212	2	0	1	153	8	-84
27-02-2020 23:15:15.060577	3	2	1	170	14	-75
27-02-2020 23:15:15.061275	3	2	1	170	11	-78
27-02-2020 23:15:15.061812	3	2	1	170	8	-81
27-02-2020 23:15:15.062207	3	2	1	170	5	-85
27-02-2020 23:15:15.062754	2	0	1	157	14	-80
27-02-2020 23:15:15.063149	3	2	1	170	14	-75
27-02-2020 23:15:15.063667	3	2	1	170	11	-78
27-02-2020 23:15:15.064157	3	2	1	170	8	-81
27-02-2020 23:15:15.064640	3	2	1	170	5	-85
27-02-2020 23:15:15.065161	2	0	1	157	11	-81
27-02-2020 23:16:14.276117	2	0	1	158	8	-83
27-02-2020 23:16:14.276899	3	2	1	171	11	-74
27-02-2020 23:16:14.277412	3	2	1	171	8	-78
27-02-2020 23:16:14.278294	3	2	1	171	5	-81
27-02-2020 23:16:14.278783	2	0	1	158	14	-79
27-02-2020 23:16:14.279181	3	2	1	171	14	-72
27-02-2020 23:16:14.279741	3	2	1	171	11	-74
27-02-2020 23:16:14.280136	3	2	1	171	8	-78
27-02-2020 23:16:14.280658	3	2	1	171	5	-81
27-02-2020 23:18:12.615217	3	2	1	173	14	-75
27-02-2020 23:18:12.616023	3	2	1	173	11	-77
27-02-2020 23:18:12.616580	3	2	1	173	8	-82
27-02-2020 23:18:12.616987	2	0	1	160	14	-81
27-02-2020 23:20:11.020808	2	0	1	162	8	-81
27-02-2020 23:20:11.021542	3	2	1	175	11	-75
27-02-2020 23:20:11.022017	3	2	1	175	8	-79
27-02-2020 23:20:11.022458	3	2	1	175	5	-82
27-02-2020 23:20:11.023011	2	0	1	162	14	-78
27-02-2020 23:20:11.023464	3	2	1	175	14	-75
27-02-2020 23:20:11.023945	3	2	1	175	11	-75
27-02-2020 23:20:11.024524	3	2	1	175	8	-79
27-02-2020 23:20:11.024928	3	2	1	175	5	-82
27-02-2020 23:21:10.183725	3	2	1	176	14	-72
27-02-2020 23:21:10.184442	3	2	1	176	11	-75
27-02-2020 23:21:10.184929	3	2	1	176	8	-79
27-02-2020 23:21:10.185318	3	2	1	176	5	-81
27-02-2020 23:21:10.185897	2	0	1	163	14	-81
27-02-2020 23:21:10.186299	3	2	1	176	14	-72
27-02-2020 23:21:10.186813	3	2	1	176	11	-75
27-02-2020 23:21:10.187296	3	2	1	176	8	-79
27-02-2020 23:21:10.188428	3	2	1	176	5	-81
27-02-2020 23:21:10.188875	2	0	1	163	11	-82
27-02-2020 23:22:09.380805	3	2	1	177	14	-75
27-02-2020 23:22:09.381472	3	2	1	177	11	-78
27-02-2020 23:22:09.382000	3	2	1	177	8	-82
27-02-2020 23:22:09.382437	2	0	1	164	14	-80
27-02-2020 23:22:09.382992	3	2	1	177	14	-75
27-02-2020 23:22:09.383444	3	2	1	177	11	-78
27-02-2020 23:22:09.383928	3	2	1	177	8	-82
27-02-2020 23:22:09.384459	2	0	1	164	11	-80
27-02-2020 23:23:08.578784	3	2	1	178	14	-73
27-02-2020 23:23:08.579440	3	2	1	178	11	-76
27-02-2020 23:23:08.579966	3	2	1	178	8	-78
27-02-2020 23:23:08.580409	3	2	1	178	5	-84
27-02-2020 23:23:08.580966	2	0	1	165	11	-85
27-02-2020 23:27:05.278554	3	2	1	182	14	-73
27-02-2020 23:27:05.279206	3	2	1	182	11	-75
27-02-2020 23:27:05.279803	3	2	1	182	8	-80
27-02-2020 23:27:05.280202	3	2	1	182	5	-82
27-02-2020 23:27:05.280745	2	0	1	169	11	-81
27-02-2020 23:27:05.281142	3	2	1	182	14	-73
27-02-2020 23:27:05.281647	3	2	1	182	11	-75
27-02-2020 23:27:05.282139	3	2	1	182	8	-80
27-02-2020 23:27:05.282625	3	2	1	182	5	-82
27-02-2020 23:27:05.283097	2	0	1	169	8	-83
27-02-2020 23:29:03.684212	3	2	1	184	14	-74
27-02-2020 23:29:03.684948	3	2	1	184	11	-77
27-02-2020 23:29:03.685548	3	2	1	184	8	-84
27-02-2020 23:29:03.685949	2	0	1	171	11	-81
27-02-2020 23:31:02.041806	3	2	1	186	14	-75
27-02-2020 23:31:02.042474	3	2	1	186	11	-76
27-02-2020 23:31:02.043007	3	2	1	186	8	-79
27-02-2020 23:31:02.043457	2	0	1	173	14	-78
27-02-2020 23:31:02.044014	3	2	1	186	14	-75
27-02-2020 23:31:02.044458	3	2	1	186	11	-76
27-02-2020 23:31:02.044932	3	2	1	186	8	-79
27-02-2020 23:31:02.045471	2	0	1	173	11	-80
27-02-2020 23:31:02.045917	3	2	1	186	14	-75
27-02-2020 23:31:02.046444	3	2	1	186	11	-76
27-02-2020 23:31:02.046883	3	2	1	186	8	-79
27-02-2020 23:31:02.047269	2	0	1	173	8	-81
27-02-2020 23:32:01.205232	3	2	1	187	14	-73
27-02-2020 23:32:01.206029	3	2	1	187	11	-74
27-02-2020 23:32:01.206895	3	2	1	187	8	-78
27-02-2020 23:32:01.207773	3	2	1	187	5	-83
27-02-2020 23:32:01.208178	2	0	1	174	8	-84
27-02-2020 23:33:00.400144	3	2	1	188	14	-72
27-02-2020 23:33:00.400926	3	2	1	188	11	-75
27-02-2020 23:33:00.401439	3	2	1	188	8	-78
27-02-2020 23:33:00.401889	3	2	1	188	5	-81
27-02-2020 23:33:00.402534	2	0	1	175	14	-85
27-02-2020 23:33:59.592551	3	2	1	189	14	-73
27-02-2020 23:33:59.593205	3	2	1	189	11	-74
27-02-2020 23:33:59.593783	3	2	1	189	8	-79
27-02-2020 23:33:59.594181	3	2	1	189	5	-83
27-02-2020 23:33:59.594719	2	0	1	176	14	-80
27-02-2020 23:33:59.595125	3	2	1	189	14	-73
27-02-2020 23:33:59.595600	3	2	1	189	11	-74
27-02-2020 23:33:59.596109	3	2	1	189	8	-79
27-02-2020 23:33:59.596591	3	2	1	189	5	-83
27-02-2020 23:33:59.597057	2	0	1	176	11	-81
27-02-2020 23:34:58.797145	3	2	1	190	14	-75
27-02-2020 23:34:58.798161	3	2	1	190	11	-78
27-02-2020 23:34:58.798679	3	2	1	190	8	-81
27-02-2020 23:34:58.799145	3	2	1	190	5	-84
27-02-2020 23:34:58.799697	2	0	1	177	14	-80
27-02-2020 23:34:58.800094	3	2	1	190	14	-75
27-02-2020 23:34:58.800636	3	2	1	190	11	-78
27-02-2020 23:34:58.801038	3	2	1	190	8	-81
27-02-2020 23:34:58.801475	3	2	1	190	5	-84
27-02-2020 23:34:58.802004	2	0	1	177	11	-80
27-02-2020 23:35:57.985788	2	0	1	178	8	-83
27-02-2020 23:35:57.986456	3	2	1	191	11	-77
27-02-2020 23:35:57.986985	3	2	1	191	8	-77
27-02-2020 23:35:57.987421	3	2	1	191	5	-81
27-02-2020 23:35:57.988184	2	0	1	178	14	-80
27-02-2020 23:35:57.988677	3	2	1	191	14	-72
27-02-2020 23:35:57.989188	3	2	1	191	11	-77
27-02-2020 23:35:57.989673	3	2	1	191	8	-77
27-02-2020 23:35:57.990058	3	2	1	191	5	-81
27-02-2020 23:42:52.271147	3	2	1	198	14	-72
27-02-2020 23:42:52.271950	3	2	1	198	11	-75
27-02-2020 23:42:52.272466	3	2	1	198	8	-79
27-02-2020 23:42:52.272910	3	2	1	198	5	-81
27-02-2020 23:42:52.273463	2	0	1	185	11	-84
27-02-2020 23:43:51.449719	3	2	1	199	14	-75
27-02-2020 23:43:51.450435	3	2	1	199	11	-78
27-02-2020 23:43:51.450924	3	2	1	199	8	-84
27-02-2020 23:43:51.451318	2	0	1	186	14	-83
27-02-2020 23:48:47.438147	3	2	1	204	14	-75
27-02-2020 23:48:47.438934	3	2	1	204	11	-77
27-02-2020 23:48:47.439466	3	2	1	204	8	-81
27-02-2020 23:48:47.439923	2	0	1	191	14	-84
27-02-2020 23:50:45.809725	3	2	1	206	14	-76
27-02-2020 23:50:45.810439	3	2	1	206	11	-78
27-02-2020 23:50:45.810921	3	2	1	206	8	-83
27-02-2020 23:50:45.811319	2	0	1	193	11	-81
27-02-2020 23:51:45.009591	3	2	1	207	14	-76
27-02-2020 23:51:45.010315	3	2	1	207	11	-77
27-02-2020 23:51:45.010860	3	2	1	207	8	-81
27-02-2020 23:51:45.011261	3	2	1	207	5	-84
27-02-2020 23:51:45.011812	2	0	1	194	14	-85
27-02-2020 23:53:43.404805	3	2	1	209	14	-80
27-02-2020 23:53:43.405534	3	2	1	209	11	-80
27-02-2020 23:53:43.406006	2	0	1	196	14	-82
27-02-2020 23:54:42.593824	3	2	1	210	14	-78
27-02-2020 23:54:42.594556	3	2	1	210	11	-78
27-02-2020 23:54:42.595030	3	2	1	210	8	-82
27-02-2020 23:54:42.595471	2	0	1	197	11	-85
28-02-2020 00:05:33.644652	2	0	1	208	14	-86
28-02-2020 00:05:33.645462	2	0	1	208	11	-84
28-02-2020 00:06:32.828265	3	2	1	222	14	-75
28-02-2020 00:06:32.829045	3	2	1	222	11	-76
28-02-2020 00:06:32.829609	3	2	1	222	8	-81
28-02-2020 00:06:32.830008	2	0	1	209	14	-82
28-02-2020 00:19:22.352208	3	2	1	235	14	-74
28-02-2020 00:19:22.352837	3	2	1	235	11	-75
28-02-2020 00:19:22.353265	3	2	1	235	8	-79
28-02-2020 00:19:22.353670	3	2	1	235	5	-82
28-02-2020 00:19:22.354054	2	0	1	222	14	-84
28-02-2020 00:21:20.733784	3	0	1	237	14	-86
28-02-2020 00:22:19.924864	3	2	1	238	14	-73
28-02-2020 00:22:19.925492	3	2	1	238	11	-75
28-02-2020 00:22:19.925916	3	2	1	238	8	-78
28-02-2020 00:22:19.926307	3	2	1	238	5	-81
28-02-2020 00:22:19.926709	2	0	1	225	14	-84
28-02-2020 00:22:19.927111	3	2	1	238	14	-73
28-02-2020 00:22:19.927717	3	2	1	238	11	-75
28-02-2020 00:22:19.928121	3	2	1	238	8	-78
28-02-2020 00:22:19.928533	3	2	1	238	5	-81
28-02-2020 00:22:19.928916	2	0	1	225	8	-88
28-02-2020 00:24:18.275498	3	2	1	240	14	-73
28-02-2020 00:24:18.276121	3	2	1	240	11	-76
28-02-2020 00:24:18.276560	3	2	1	240	8	-81
28-02-2020 00:24:18.276950	3	2	1	240	5	-85
28-02-2020 00:24:18.277326	2	0	1	227	14	-84
28-02-2020 00:24:18.277949	3	2	1	240	14	-73
28-02-2020 00:24:18.278341	3	2	1	240	11	-76
28-02-2020 00:24:18.278746	3	2	1	240	8	-81
28-02-2020 00:24:18.279141	3	2	1	240	5	-85
28-02-2020 00:24:18.279538	2	0	1	227	11	-86
28-02-2020 00:25:17.466369	3	2	1	241	14	-72
28-02-2020 00:25:17.467017	3	2	1	241	11	-76
28-02-2020 00:25:17.467440	3	2	1	241	8	-79
28-02-2020 00:25:17.468207	3	2	1	241	5	-80
28-02-2020 00:25:17.468632	2	0	1	228	14	-88
28-02-2020 00:27:15.791712	3	0	1	243	14	-86
28-02-2020 00:33:10.929913	3	2	1	249	14	-73
28-02-2020 00:33:10.930555	3	2	1	249	11	-76
28-02-2020 00:33:10.930991	3	2	1	249	8	-79
28-02-2020 00:33:10.931381	3	2	1	249	5	-81
28-02-2020 00:33:10.931780	2	0	1	236	11	-87
28-02-2020 00:36:08.471873	3	2	1	252	14	-72
28-02-2020 00:36:08.472501	3	2	1	252	11	-75
28-02-2020 00:36:08.472920	3	2	1	252	8	-79
28-02-2020 00:36:08.473310	3	2	1	252	5	-84
28-02-2020 00:36:08.473707	2	0	1	239	14	-81
28-02-2020 00:36:08.474086	3	2	1	252	14	-72
28-02-2020 00:36:08.474497	3	2	1	252	11	-75
28-02-2020 00:36:08.474880	3	2	1	252	8	-79
28-02-2020 00:36:08.475260	3	2	1	252	5	-84
28-02-2020 00:36:08.475665	2	0	1	239	11	-81
28-02-2020 00:37:07.677747	3	2	1	253	14	-72
28-02-2020 00:37:07.678368	3	2	1	253	11	-75
28-02-2020 00:37:07.678803	3	2	1	253	8	-78
28-02-2020 00:37:07.679192	3	2	1	253	5	-81
28-02-2020 00:37:07.679591	2	0	1	240	14	-83
28-02-2020 00:38:06.884114	2	0	1	241	8	-84
28-02-2020 00:38:06.884744	3	2	1	254	11	-75
28-02-2020 00:38:06.885166	3	2	1	254	8	-78
28-02-2020 00:38:06.885566	3	2	1	254	5	-81
28-02-2020 00:38:06.885946	2	0	1	241	14	-81
28-02-2020 00:38:06.886342	3	2	1	254	14	-73
28-02-2020 00:38:06.886746	3	2	1	254	11	-75
28-02-2020 00:38:06.887127	3	2	1	254	8	-78
28-02-2020 00:38:06.887819	3	2	1	254	5	-81
28-02-2020 00:39:06.053673	2	0	1	242	8	-81
28-02-2020 00:39:06.054292	3	2	1	255	11	-75
28-02-2020 00:39:06.054738	3	2	1	255	8	-77
28-02-2020 00:39:06.055130	3	2	1	255	5	-81
28-02-2020 00:39:06.055529	2	0	1	242	14	-77
28-02-2020 00:39:06.055932	3	2	1	255	14	-72
28-02-2020 00:39:06.056315	3	2	1	255	11	-75
28-02-2020 00:39:06.056711	3	2	1	255	8	-77
28-02-2020 00:39:06.057109	3	2	1	255	5	-81
28-02-2020 00:40:05.250774	2	0	1	243	5	-82
28-02-2020 00:40:05.251399	3	2	1	256	11	-75
28-02-2020 00:40:05.251830	3	2	1	256	8	-79
28-02-2020 00:40:05.252217	2	0	1	243	14	-77
28-02-2020 00:40:05.252618	3	2	1	256	14	-73
28-02-2020 00:40:05.253018	3	2	1	256	11	-75
28-02-2020 00:40:05.253406	3	2	1	256	8	-79
28-02-2020 00:40:05.253794	2	0	1	243	11	-77
28-02-2020 00:40:05.254187	3	2	1	256	14	-73
28-02-2020 00:40:05.254584	3	2	1	256	11	-75
28-02-2020 00:40:05.254963	3	2	1	256	8	-79
28-02-2020 00:41:04.452374	3	2	1	257	14	-72
28-02-2020 00:41:04.453023	3	2	1	257	11	-75
28-02-2020 00:41:04.453458	3	2	1	257	8	-78
28-02-2020 00:41:04.453857	3	2	1	257	5	-81
28-02-2020 00:41:04.454242	2	0	1	244	11	-82
28-02-2020 00:42:03.659594	2	0	1	245	8	-79
28-02-2020 00:42:03.660206	3	2	1	258	11	-72
28-02-2020 00:42:03.660649	3	2	1	258	8	-76
28-02-2020 00:42:03.661035	3	2	1	258	5	-79
28-02-2020 00:42:03.661424	2	0	1	245	14	-75
28-02-2020 00:42:03.661828	3	2	1	258	14	-70
28-02-2020 00:42:03.662210	3	2	1	258	11	-72
28-02-2020 00:42:03.662612	3	2	1	258	8	-76
28-02-2020 00:42:03.663009	3	2	1	258	5	-79
28-02-2020 00:42:03.663400	3	2	1	258	14	-70
28-02-2020 00:42:03.663787	3	2	1	258	11	-72
28-02-2020 00:42:03.664174	3	2	1	258	8	-76
28-02-2020 00:42:03.664572	3	2	1	258	5	-79
28-02-2020 00:42:03.664948	2	0	1	245	5	-82
28-02-2020 00:43:02.852192	3	2	1	259	14	-71
28-02-2020 00:43:02.852831	3	2	1	259	11	-72
28-02-2020 00:43:02.853266	3	2	1	259	8	-76
28-02-2020 00:43:02.853671	3	2	1	259	5	-79
28-02-2020 00:43:02.854054	2	0	1	246	14	-82
28-02-2020 00:44:02.013707	2	0	1	247	8	-79
28-02-2020 00:44:02.014346	3	2	1	260	11	-73
28-02-2020 00:44:02.014793	3	2	1	260	8	-76
28-02-2020 00:44:02.015184	3	2	1	260	5	-79
28-02-2020 00:44:02.015580	2	0	1	247	14	-78
28-02-2020 00:44:02.015985	3	2	1	260	14	-71
28-02-2020 00:44:02.016368	3	2	1	260	11	-73
28-02-2020 00:44:02.016771	3	2	1	260	8	-76
28-02-2020 00:44:02.017169	3	2	1	260	5	-79
28-02-2020 00:44:02.017807	3	2	1	260	14	-71
28-02-2020 00:44:02.018201	3	2	1	260	11	-73
28-02-2020 00:44:02.018778	3	2	1	260	8	-76
28-02-2020 00:44:02.019171	3	2	1	260	5	-79
28-02-2020 00:44:02.019574	2	0	1	247	5	-83
28-02-2020 00:45:01.190683	2	0	1	248	8	-78
28-02-2020 00:45:01.191294	3	2	1	261	11	-73
28-02-2020 00:45:01.191735	3	2	1	261	8	-76
28-02-2020 00:45:01.192122	3	2	1	261	5	-79
28-02-2020 00:45:01.192522	2	0	1	248	14	-75
28-02-2020 00:45:01.192922	3	2	1	261	14	-70
28-02-2020 00:45:01.193299	3	2	1	261	11	-73
28-02-2020 00:45:01.193692	3	2	1	261	8	-76
28-02-2020 00:45:01.194076	3	2	1	261	5	-79
28-02-2020 00:45:01.194471	3	2	1	261	14	-70
28-02-2020 00:45:01.194864	3	2	1	261	11	-73
28-02-2020 00:45:01.195245	3	2	1	261	8	-76
28-02-2020 00:45:01.195654	3	2	1	261	5	-79
28-02-2020 00:45:01.196032	2	0	1	248	5	-81
28-02-2020 00:46:00.386692	3	2	1	262	14	-73
28-02-2020 00:46:00.387342	3	2	1	262	11	-74
28-02-2020 00:46:00.388053	3	2	1	262	8	-78
28-02-2020 00:46:00.388539	3	2	1	262	5	-80
28-02-2020 00:46:00.389029	2	0	1	249	14	-82
28-02-2020 00:47:58.738253	2	0	1	251	8	-82
28-02-2020 00:47:58.739031	3	2	1	264	11	-75
28-02-2020 00:47:58.739584	3	2	1	264	8	-78
28-02-2020 00:47:58.739991	3	2	1	264	5	-82
28-02-2020 00:47:58.740558	2	0	1	251	14	-78
28-02-2020 00:47:58.740957	3	2	1	264	14	-73
28-02-2020 00:47:58.741339	3	2	1	264	11	-75
28-02-2020 00:47:58.741882	3	2	1	264	8	-78
28-02-2020 00:47:58.742268	3	2	1	264	5	-82
28-02-2020 00:48:57.915801	3	2	1	265	14	-73
28-02-2020 00:48:57.916464	3	2	1	265	11	-75
28-02-2020 00:48:57.916997	3	2	1	265	8	-80
28-02-2020 00:48:57.917433	3	2	1	265	5	-84
28-02-2020 00:48:57.918179	2	0	1	252	14	-81
28-02-2020 00:48:57.918667	3	2	1	265	14	-73
28-02-2020 00:48:57.919176	3	2	1	265	11	-75
28-02-2020 00:48:57.919681	3	2	1	265	8	-80
28-02-2020 00:48:57.920073	3	2	1	265	5	-84
28-02-2020 00:48:57.920649	2	0	1	252	11	-80
28-02-2020 00:49:57.073673	3	2	1	266	14	-73
28-02-2020 00:49:57.074329	3	2	1	266	11	-75
28-02-2020 00:49:57.074883	3	2	1	266	8	-79
28-02-2020 00:49:57.075285	2	0	1	253	14	-79
28-02-2020 00:50:56.244264	3	2	1	267	14	-74
28-02-2020 00:50:56.245068	3	2	1	267	11	-76
28-02-2020 00:50:56.245632	3	2	1	267	8	-81
28-02-2020 00:50:56.246041	3	2	1	267	5	-83
28-02-2020 00:50:56.246625	2	0	1	254	14	-82
28-02-2020 00:50:56.247032	3	2	1	267	14	-74
28-02-2020 00:50:56.247846	3	2	1	267	11	-76
28-02-2020 00:50:56.248272	3	2	1	267	8	-81
28-02-2020 00:50:56.248833	3	2	1	267	5	-83
28-02-2020 00:50:56.249290	2	0	1	254	11	-81
28-02-2020 00:51:55.437860	3	2	1	268	14	-74
28-02-2020 00:51:55.438630	3	2	1	268	11	-75
28-02-2020 00:51:55.439049	3	2	1	268	8	-80
28-02-2020 00:51:55.439559	3	2	1	268	5	-83
28-02-2020 00:51:55.440052	2	0	1	255	14	-87
28-02-2020 00:52:54.630902	3	2	1	269	14	-72
28-02-2020 00:52:54.631538	3	2	1	269	11	-74
28-02-2020 00:52:54.631962	3	2	1	269	8	-78
28-02-2020 00:52:54.632354	3	2	1	269	5	-81
28-02-2020 00:52:54.632751	2	0	1	256	14	-83
28-02-2020 00:53:53.847938	3	2	1	270	14	-70
28-02-2020 00:53:53.848573	3	2	1	270	11	-72
28-02-2020 00:53:53.849006	3	2	1	270	8	-75
28-02-2020 00:53:53.849403	3	2	1	270	5	-78
28-02-2020 00:53:53.849797	2	0	1	257	14	-80
28-02-2020 00:53:53.850198	3	2	1	270	14	-70
28-02-2020 00:53:53.850589	3	2	1	270	11	-72
28-02-2020 00:53:53.850970	3	2	1	270	8	-75
28-02-2020 00:53:53.851364	3	2	1	270	5	-78
28-02-2020 00:53:53.851761	2	0	1	257	11	-83
28-02-2020 00:55:52.216505	3	2	1	272	14	-71
28-02-2020 00:55:52.217124	3	2	1	272	11	-73
28-02-2020 00:55:52.217794	3	2	1	272	8	-77
28-02-2020 00:55:52.218198	2	0	1	259	14	-80
28-02-2020 00:55:52.218615	3	2	1	272	14	-71
28-02-2020 00:55:52.218998	3	2	1	272	11	-73
28-02-2020 00:55:52.219389	3	2	1	272	8	-77
28-02-2020 00:55:52.219788	2	0	1	259	11	-81
28-02-2020 00:55:52.220175	3	2	1	272	14	-71
28-02-2020 00:55:52.220573	3	2	1	272	11	-73
28-02-2020 00:55:52.220952	3	2	1	272	8	-77
28-02-2020 00:55:52.221343	2	0	1	259	8	-80
28-02-2020 00:56:51.395759	2	0	1	260	8	-79
28-02-2020 00:56:51.396370	3	2	1	273	11	-73
28-02-2020 00:56:51.396812	3	2	1	273	8	-78
28-02-2020 00:56:51.397200	3	2	1	273	5	-82
28-02-2020 00:56:51.397860	2	0	1	260	14	-77
28-02-2020 00:56:51.398260	3	2	1	273	14	-71
28-02-2020 00:56:51.398660	3	2	1	273	11	-73
28-02-2020 00:56:51.399050	3	2	1	273	8	-78
28-02-2020 00:56:51.399445	3	2	1	273	5	-82
28-02-2020 01:01:47.209884	2	0	1	265	8	-84
28-02-2020 01:01:47.210518	3	2	1	278	11	-73
28-02-2020 01:01:47.210941	3	2	1	278	8	-76
28-02-2020 01:01:47.211326	3	2	1	278	5	-79
28-02-2020 01:01:47.211724	2	0	1	265	14	-83
28-02-2020 01:01:47.212122	3	2	1	278	14	-71
28-02-2020 01:01:47.212517	3	2	1	278	11	-73
28-02-2020 01:01:47.212900	3	2	1	278	8	-76
28-02-2020 01:01:47.213289	3	2	1	278	5	-79
28-02-2020 01:01:47.213693	3	2	1	278	14	-71
28-02-2020 01:01:47.214069	3	2	1	278	11	-73
28-02-2020 01:01:47.214455	3	2	1	278	8	-76
28-02-2020 01:01:47.214861	3	2	1	278	5	-79
28-02-2020 01:01:47.215238	2	0	1	265	5	-85
28-02-2020 01:04:44.723871	3	2	1	281	14	-71
28-02-2020 01:04:44.725180	3	2	1	281	11	-72
28-02-2020 01:04:44.725628	3	2	1	281	8	-77
28-02-2020 01:04:44.726034	3	2	1	281	5	-80
28-02-2020 01:04:44.726432	2	0	1	268	14	-82
28-02-2020 01:04:44.726826	3	2	1	281	14	-71
28-02-2020 01:04:44.727204	3	2	1	281	11	-72
28-02-2020 01:04:44.727849	3	2	1	281	8	-77
28-02-2020 01:04:44.728246	3	2	1	281	5	-80
28-02-2020 01:04:44.728660	2	0	1	268	11	-82
28-02-2020 01:05:43.928080	3	2	1	282	14	-72
28-02-2020 01:05:43.928721	3	2	1	282	11	-74
28-02-2020 01:05:43.929153	3	2	1	282	8	-77
28-02-2020 01:05:43.929555	2	0	1	269	14	-83
28-02-2020 01:08:41.413129	3	2	1	285	14	-72
28-02-2020 01:08:41.413766	3	2	1	285	11	-74
28-02-2020 01:08:41.414188	3	2	1	285	8	-77
28-02-2020 01:08:41.414592	3	2	1	285	5	-81
28-02-2020 01:08:41.414973	2	0	1	272	8	-79
28-02-2020 01:12:38.224644	3	2	1	289	14	-70
28-02-2020 01:12:38.225260	3	2	1	289	11	-73
28-02-2020 01:12:38.225692	3	2	1	289	8	-75
28-02-2020 01:12:38.226078	3	2	1	289	5	-79
28-02-2020 01:12:38.226468	2	0	1	276	14	-78
28-02-2020 01:12:38.226877	3	2	1	289	14	-70
28-02-2020 01:12:38.227262	3	2	1	289	11	-73
28-02-2020 01:12:38.227875	3	2	1	289	8	-75
28-02-2020 01:12:38.228285	3	2	1	289	5	-79
28-02-2020 01:12:38.228688	2	0	1	276	11	-79
28-02-2020 01:16:34.917878	3	2	1	293	14	-70
28-02-2020 01:16:34.918507	3	2	1	293	11	-71
28-02-2020 01:16:34.918937	3	2	1	293	8	-75
28-02-2020 01:16:34.919328	3	2	1	293	5	-79
28-02-2020 01:16:34.919731	2	0	1	280	14	-79
28-02-2020 01:16:34.920128	3	2	1	293	14	-70
28-02-2020 01:16:34.920520	3	2	1	293	11	-71
28-02-2020 01:16:34.920899	3	2	1	293	8	-75
28-02-2020 01:16:34.921290	3	2	1	293	5	-79
28-02-2020 01:16:34.921683	2	0	1	280	11	-80
28-02-2020 01:17:34.127814	3	2	1	294	14	-72
28-02-2020 01:17:34.128620	3	2	1	294	11	-74
28-02-2020 01:17:34.129173	3	2	1	294	8	-79
28-02-2020 01:17:34.129679	2	0	1	281	14	-79
28-02-2020 01:17:34.130080	3	2	1	294	14	-72
28-02-2020 01:17:34.130673	3	2	1	294	11	-74
28-02-2020 01:17:34.131068	3	2	1	294	8	-79
28-02-2020 01:17:34.131566	2	0	1	281	11	-80
28-02-2020 01:17:34.132017	3	2	1	294	14	-72
28-02-2020 01:17:34.132467	3	2	1	294	11	-74
28-02-2020 01:17:34.133023	3	2	1	294	8	-79
28-02-2020 01:17:34.133518	2	0	1	281	8	-82
28-02-2020 01:32:21.931775	3	2	1	309	14	-73
28-02-2020 01:32:21.932439	3	2	1	309	11	-75
28-02-2020 01:32:21.932968	3	2	1	309	8	-78
28-02-2020 01:32:21.933411	2	0	1	296	14	-80
28-02-2020 01:32:21.933970	3	2	1	309	14	-73
28-02-2020 01:32:21.934421	3	2	1	309	11	-75
28-02-2020 01:32:21.934890	3	2	1	309	8	-78
28-02-2020 01:32:21.935420	2	0	1	296	11	-80
28-02-2020 01:32:21.935869	3	2	1	309	14	-73
28-02-2020 01:32:21.936327	3	2	1	309	11	-75
28-02-2020 01:32:21.936833	3	2	1	309	8	-78
28-02-2020 01:32:21.937217	2	0	1	296	8	-83
28-02-2020 01:34:20.348395	3	0	1	311	14	-82
28-02-2020 01:34:20.349087	3	0	1	311	11	-83
28-02-2020 01:35:19.529084	3	2	1	312	14	-75
28-02-2020 01:35:19.529832	3	2	1	312	11	-76
28-02-2020 01:35:19.530398	3	2	1	312	8	-79
28-02-2020 01:35:19.530847	2	0	1	299	14	-83
28-02-2020 01:36:18.684779	3	2	1	313	14	-71
28-02-2020 01:36:18.685450	3	2	1	313	11	-73
28-02-2020 01:36:18.685982	3	2	1	313	8	-76
28-02-2020 01:36:18.686417	3	2	1	313	5	-81
28-02-2020 01:36:18.686980	2	0	1	300	11	-81
28-02-2020 01:38:17.070814	3	2	1	315	14	-72
28-02-2020 01:38:17.071679	3	2	1	315	11	-73
28-02-2020 01:38:17.072131	3	2	1	315	8	-77
28-02-2020 01:38:17.072846	3	2	1	315	5	-79
28-02-2020 01:38:17.073300	2	0	1	302	14	-84
28-02-2020 01:38:17.073797	3	2	1	315	14	-72
28-02-2020 01:38:17.074310	3	2	1	315	11	-73
28-02-2020 01:38:17.074799	3	2	1	315	8	-77
28-02-2020 01:38:17.075213	3	2	1	315	5	-79
28-02-2020 01:38:17.075765	2	0	1	302	11	-83
28-02-2020 01:43:12.996091	3	0	1	320	14	-84
28-02-2020 01:45:11.348719	3	2	1	322	14	-72
28-02-2020 01:45:11.349433	3	2	1	322	11	-75
28-02-2020 01:45:11.349915	3	2	1	322	8	-76
28-02-2020 01:45:11.350313	2	0	1	309	11	-84
28-02-2020 01:53:04.829704	3	2	1	330	14	-72
28-02-2020 01:53:04.830415	3	2	1	330	11	-74
28-02-2020 01:53:04.830903	3	2	1	330	8	-78
28-02-2020 01:53:04.831294	3	2	1	330	5	-80
28-02-2020 01:53:04.831887	2	0	1	317	14	-80
28-02-2020 01:53:04.832287	3	2	1	330	14	-72
28-02-2020 01:53:04.832801	3	2	1	330	11	-74
28-02-2020 01:53:04.833295	3	2	1	330	8	-78
28-02-2020 01:53:04.833785	3	2	1	330	5	-80
28-02-2020 01:53:04.834341	2	0	1	317	8	-83
28-02-2020 01:55:03.213213	3	2	1	332	14	-72
28-02-2020 01:55:03.213960	3	2	1	332	11	-75
28-02-2020 01:55:03.214565	3	2	1	332	8	-76
28-02-2020 01:55:03.214968	2	0	1	319	14	-79
28-02-2020 01:55:03.215558	3	2	1	332	14	-72
28-02-2020 01:55:03.215955	3	2	1	332	11	-75
28-02-2020 01:55:03.216337	3	2	1	332	8	-76
28-02-2020 01:55:03.216884	2	0	1	319	11	-81
28-02-2020 01:58:59.971696	3	2	1	336	14	-71
28-02-2020 01:58:59.972341	3	2	1	336	11	-74
28-02-2020 01:58:59.972890	3	2	1	336	8	-77
28-02-2020 01:58:59.973281	3	2	1	336	5	-81
28-02-2020 01:58:59.973909	2	0	1	323	14	-81
28-02-2020 01:58:59.974303	3	2	1	336	14	-71
28-02-2020 01:58:59.974823	3	2	1	336	11	-74
28-02-2020 01:58:59.975309	3	2	1	336	8	-77
28-02-2020 01:58:59.975816	3	2	1	336	5	-81
28-02-2020 01:58:59.976323	2	0	1	323	11	-81
28-02-2020 02:03:55.836113	3	2	1	341	14	-72
28-02-2020 02:03:55.836750	3	2	1	341	11	-74
28-02-2020 02:03:55.837178	3	2	1	341	8	-78
28-02-2020 02:03:55.837812	3	2	1	341	5	-81
28-02-2020 02:03:55.838221	2	0	1	328	11	-82
28-02-2020 02:04:54.992143	3	2	1	342	14	-69
28-02-2020 02:04:54.992891	3	2	1	342	11	-71
28-02-2020 02:04:54.993441	3	2	1	342	8	-75
28-02-2020 02:04:54.993889	3	2	1	342	5	-81
28-02-2020 02:04:54.994416	2	0	1	329	14	-82
28-02-2020 02:04:54.994867	3	2	1	342	14	-69
28-02-2020 02:04:54.995263	3	2	1	342	11	-71
28-02-2020 02:04:54.995807	3	2	1	342	8	-75
28-02-2020 02:04:54.996205	3	2	1	342	5	-81
28-02-2020 02:04:54.996712	2	0	1	329	11	-81
28-02-2020 02:05:54.170799	3	2	1	343	14	-71
28-02-2020 02:05:54.171535	3	2	1	343	11	-73
28-02-2020 02:05:54.172010	3	2	1	343	8	-77
28-02-2020 02:05:54.172458	2	0	1	330	14	-80
28-02-2020 02:05:54.173019	3	2	1	343	14	-71
28-02-2020 02:05:54.173463	3	2	1	343	11	-73
28-02-2020 02:05:54.173935	3	2	1	343	8	-77
28-02-2020 02:05:54.174456	2	0	1	330	11	-82
28-02-2020 02:13:47.657137	3	2	1	351	14	-72
28-02-2020 02:13:47.658136	3	2	1	351	11	-73
28-02-2020 02:13:47.658648	3	2	1	351	8	-76
28-02-2020 02:13:47.659071	3	2	1	351	5	-79
28-02-2020 02:13:47.659644	2	0	1	338	11	-82
28-02-2020 02:15:46.033891	3	2	1	353	14	-70
28-02-2020 02:15:46.034636	3	2	1	353	11	-72
28-02-2020 02:15:46.035155	3	2	1	353	8	-77
28-02-2020 02:15:46.035647	3	2	1	353	5	-80
28-02-2020 02:15:46.036158	2	0	1	340	14	-82
28-02-2020 02:15:46.036650	3	2	1	353	14	-70
28-02-2020 02:15:46.037040	3	2	1	353	11	-72
28-02-2020 02:15:46.037785	3	2	1	353	8	-77
28-02-2020 02:15:46.038186	3	2	1	353	5	-80
28-02-2020 02:15:46.038734	2	0	1	340	8	-84
28-02-2020 02:18:43.543785	3	2	1	356	14	-73
28-02-2020 02:18:43.544455	3	2	1	356	11	-76
28-02-2020 02:18:43.544984	3	2	1	356	8	-78
28-02-2020 02:18:43.545421	3	2	1	356	5	-84
28-02-2020 02:18:43.545986	2	0	1	343	14	-78
28-02-2020 02:19:42.760690	3	2	1	357	14	-72
28-02-2020 02:19:42.761342	3	2	1	357	11	-74
28-02-2020 02:19:42.761888	3	2	1	357	8	-77
28-02-2020 02:19:42.762286	3	2	1	357	5	-81
28-02-2020 02:19:42.762870	2	0	1	344	14	-80
28-02-2020 02:22:40.280784	3	2	1	360	14	-71
28-02-2020 02:22:40.281459	3	2	1	360	11	-73
28-02-2020 02:22:40.281992	3	2	1	360	8	-77
28-02-2020 02:22:40.282437	3	2	1	360	5	-81
28-02-2020 02:22:40.282989	2	0	1	347	14	-82
28-02-2020 02:23:39.461399	3	2	1	361	14	-71
28-02-2020 02:23:39.462160	3	2	1	361	11	-72
28-02-2020 02:23:39.462719	3	2	1	361	8	-76
28-02-2020 02:23:39.463130	3	2	1	361	5	-80
28-02-2020 02:23:39.463739	2	0	1	348	14	-80
28-02-2020 02:30:33.732890	3	2	1	368	14	-72
28-02-2020 02:30:33.733522	3	2	1	368	11	-74
28-02-2020 02:30:33.733941	3	2	1	368	8	-78
28-02-2020 02:30:33.734380	2	0	1	355	14	-80
28-02-2020 02:32:32.110181	3	2	1	370	14	-71
28-02-2020 02:32:32.110821	3	2	1	370	11	-74
28-02-2020 02:32:32.111253	3	2	1	370	8	-77
28-02-2020 02:32:32.111654	3	2	1	370	5	-81
28-02-2020 02:32:32.112036	2	0	1	357	11	-82
28-02-2020 02:33:31.287063	3	2	1	371	14	-72
28-02-2020 02:33:31.288058	3	2	1	371	11	-75
28-02-2020 02:33:31.288507	3	2	1	371	8	-78
28-02-2020 02:33:31.288900	3	2	1	371	5	-82
28-02-2020 02:33:31.289298	2	0	1	358	14	-80
28-02-2020 02:36:28.824569	3	2	1	374	14	-72
28-02-2020 02:36:28.825185	3	2	1	374	11	-75
28-02-2020 02:36:28.825628	3	2	1	374	8	-78
28-02-2020 02:36:28.826016	3	2	1	374	5	-83
28-02-2020 02:36:28.826405	2	0	1	361	14	-82
28-02-2020 02:36:28.826812	3	2	1	374	14	-72
28-02-2020 02:36:28.827193	3	2	1	374	11	-75
28-02-2020 02:36:28.827787	3	2	1	374	8	-78
28-02-2020 02:36:28.828188	3	2	1	374	5	-83
28-02-2020 02:36:28.828583	2	0	1	361	11	-82
28-02-2020 02:43:23.147429	3	2	1	381	14	-71
28-02-2020 02:43:23.148243	3	2	1	381	11	-73
28-02-2020 02:43:23.148681	3	2	1	381	8	-76
28-02-2020 02:43:23.149067	3	2	1	381	5	-80
28-02-2020 02:43:23.149458	2	0	1	368	14	-81
28-02-2020 02:45:21.491879	2	0	1	370	8	-83
28-02-2020 02:45:21.492515	3	2	1	383	11	-73
28-02-2020 02:45:21.492936	3	2	1	383	8	-76
28-02-2020 02:45:21.493324	3	2	1	383	5	-81
28-02-2020 02:45:21.493727	2	0	1	370	14	-81
28-02-2020 02:45:21.494127	3	2	1	383	14	-71
28-02-2020 02:45:21.494519	3	2	1	383	11	-73
28-02-2020 02:45:21.494901	3	2	1	383	8	-76
28-02-2020 02:45:21.495295	3	2	1	383	5	-81
28-02-2020 02:47:19.869343	3	2	1	385	11	-74
28-02-2020 02:47:19.869992	3	2	1	385	8	-77
28-02-2020 02:47:19.870428	3	2	1	385	5	-81
28-02-2020 02:47:19.870825	2	0	1	372	14	-82
28-02-2020 02:47:19.871209	3	2	1	385	11	-74
28-02-2020 02:47:19.871620	3	2	1	385	8	-77
28-02-2020 02:47:19.871999	3	2	1	385	5	-81
28-02-2020 02:47:19.872384	2	0	1	372	11	-82
28-02-2020 02:48:19.040712	3	2	1	386	14	-71
28-02-2020 02:48:19.041334	3	2	1	386	11	-74
28-02-2020 02:48:19.041784	3	2	1	386	8	-77
28-02-2020 02:48:19.042175	3	2	1	386	5	-80
28-02-2020 02:48:19.042576	2	0	1	373	11	-81
28-02-2020 02:50:17.398595	3	2	1	388	14	-70
28-02-2020 02:50:17.399208	3	2	1	388	11	-72
28-02-2020 02:50:17.399649	3	2	1	388	8	-76
28-02-2020 02:50:17.400036	3	2	1	388	5	-80
28-02-2020 02:50:17.400427	2	0	1	375	11	-83
28-02-2020 02:52:15.729694	3	2	1	390	14	-71
28-02-2020 02:52:15.730310	3	2	1	390	11	-73
28-02-2020 02:52:15.730756	3	2	1	390	8	-78
28-02-2020 02:52:15.731148	3	2	1	390	5	-81
28-02-2020 02:52:15.731550	2	0	1	377	14	-76
28-02-2020 02:53:14.905774	3	2	1	391	14	-70
28-02-2020 02:53:14.906400	3	2	1	391	11	-73
28-02-2020 02:53:14.906836	3	2	1	391	8	-76
28-02-2020 02:53:14.907226	3	2	1	391	5	-79
28-02-2020 02:53:14.907999	2	0	1	378	14	-82
28-02-2020 02:56:12.503050	3	2	1	394	14	-72
28-02-2020 02:56:12.503691	3	2	1	394	11	-75
28-02-2020 02:56:12.504114	3	2	1	394	8	-79
28-02-2020 02:56:12.504517	2	0	1	381	14	-81
28-02-2020 03:04:06.015238	2	0	1	389	8	-82
28-02-2020 03:04:06.016043	3	2	1	402	11	-73
28-02-2020 03:04:06.016609	3	2	1	402	8	-76
28-02-2020 03:04:06.017012	3	2	1	402	5	-78
28-02-2020 03:04:06.017771	2	0	1	389	14	-81
28-02-2020 03:04:06.018175	3	2	1	402	14	-71
28-02-2020 03:04:06.018730	3	2	1	402	11	-73
28-02-2020 03:04:06.019130	3	2	1	402	8	-76
28-02-2020 03:04:06.019635	3	2	1	402	5	-78
28-02-2020 03:04:06.020130	3	2	1	402	14	-71
28-02-2020 03:04:06.020616	3	2	1	402	11	-73
28-02-2020 03:04:06.021080	3	2	1	402	8	-76
28-02-2020 03:04:06.021610	3	2	1	402	5	-78
28-02-2020 03:04:06.021996	2	0	1	389	5	-83
28-02-2020 03:06:04.397120	3	2	1	404	14	-72
28-02-2020 03:06:04.398128	3	2	1	404	11	-75
28-02-2020 03:06:04.398645	3	2	1	404	8	-77
28-02-2020 03:06:04.399075	3	2	1	404	5	-80
28-02-2020 03:06:04.399674	2	0	1	391	11	-83
28-02-2020 03:06:04.400066	3	2	1	404	14	-72
28-02-2020 03:06:04.400629	3	2	1	404	11	-75
28-02-2020 03:06:04.401019	3	2	1	404	8	-77
28-02-2020 03:06:04.401447	3	2	1	404	5	-80
28-02-2020 03:06:04.401975	2	0	1	391	8	-84
28-02-2020 03:10:01.147428	3	2	1	408	14	-72
28-02-2020 03:10:01.148879	3	2	1	408	11	-74
28-02-2020 03:10:01.149321	3	2	1	408	8	-77
28-02-2020 03:10:01.149841	3	2	1	408	5	-81
28-02-2020 03:10:01.150235	2	0	1	395	11	-84
28-02-2020 03:13:57.827132	3	2	1	412	14	-73
28-02-2020 03:13:57.828158	3	2	1	412	11	-76
28-02-2020 03:13:57.828678	3	2	1	412	8	-79
28-02-2020 03:13:57.829153	3	2	1	412	5	-82
28-02-2020 03:13:57.829685	2	0	1	399	11	-84
28-02-2020 03:16:55.358571	2	0	1	402	8	-83
28-02-2020 03:16:55.359315	3	2	1	415	11	-75
28-02-2020 03:16:55.359869	3	2	1	415	8	-78
28-02-2020 03:16:55.360259	3	2	1	415	5	-83
28-02-2020 03:16:55.360807	2	0	1	402	14	-80
28-02-2020 03:16:55.361200	3	2	1	415	14	-74
28-02-2020 03:16:55.361711	3	2	1	415	11	-75
28-02-2020 03:16:55.362200	3	2	1	415	8	-78
28-02-2020 03:16:55.362685	3	2	1	415	5	-83
28-02-2020 03:18:53.749320	3	2	1	417	14	-72
28-02-2020 03:18:53.750064	3	2	1	417	11	-75
28-02-2020 03:18:53.750664	3	2	1	417	8	-78
28-02-2020 03:18:53.751063	3	2	1	417	5	-82
28-02-2020 03:18:53.751622	2	0	1	404	14	-82
28-02-2020 03:18:53.752021	3	2	1	417	14	-72
28-02-2020 03:18:53.752458	3	2	1	417	11	-75
28-02-2020 03:18:53.752983	3	2	1	417	8	-78
28-02-2020 03:18:53.753419	3	2	1	417	5	-82
28-02-2020 03:18:53.753931	2	0	1	404	8	-87
28-02-2020 03:21:51.345135	3	2	1	420	14	-72
28-02-2020 03:21:51.345922	3	2	1	420	11	-72
28-02-2020 03:21:51.346436	3	2	1	420	8	-77
28-02-2020 03:21:51.346889	3	2	1	420	5	-81
28-02-2020 03:21:51.347445	2	0	1	407	11	-82
28-02-2020 03:26:47.125216	3	2	1	425	14	-71
28-02-2020 03:26:47.125966	3	2	1	425	11	-74
28-02-2020 03:26:47.126575	3	2	1	425	8	-76
28-02-2020 03:26:47.126979	3	2	1	425	5	-81
28-02-2020 03:26:47.127745	2	0	1	412	14	-83
28-02-2020 03:26:47.128157	3	2	1	425	14	-71
28-02-2020 03:26:47.128695	3	2	1	425	11	-74
28-02-2020 03:26:47.129095	3	2	1	425	8	-76
28-02-2020 03:26:47.129573	3	2	1	425	5	-81
28-02-2020 03:26:47.130078	2	0	1	412	11	-85
28-02-2020 03:30:43.899725	3	2	1	429	14	-72
28-02-2020 03:30:43.900436	3	2	1	429	11	-73
28-02-2020 03:30:43.900916	3	2	1	429	8	-77
28-02-2020 03:30:43.901310	3	2	1	429	5	-81
28-02-2020 03:30:43.901882	2	0	1	416	14	-81
28-02-2020 03:30:43.902280	3	2	1	429	14	-72
28-02-2020 03:30:43.902800	3	2	1	429	11	-73
28-02-2020 03:30:43.903293	3	2	1	429	8	-77
28-02-2020 03:30:43.903831	3	2	1	429	5	-81
28-02-2020 03:30:43.904345	2	0	1	416	11	-86
28-02-2020 03:42:34.126139	3	2	1	441	14	-71
28-02-2020 03:42:34.127013	3	2	1	441	11	-73
28-02-2020 03:42:34.127677	3	2	1	441	8	-76
28-02-2020 03:42:34.128162	2	0	1	428	14	-81
28-02-2020 03:43:33.300801	3	2	1	442	14	-73
28-02-2020 03:43:33.301535	3	2	1	442	11	-76
28-02-2020 03:43:33.302006	3	2	1	442	8	-79
28-02-2020 03:43:33.302446	3	2	1	442	5	-81
28-02-2020 03:43:33.302998	2	0	1	429	14	-81
28-02-2020 03:43:33.303444	3	2	1	442	14	-73
28-02-2020 03:43:33.303923	3	2	1	442	11	-76
28-02-2020 03:43:33.304454	3	2	1	442	8	-79
28-02-2020 03:43:33.304897	3	2	1	442	5	-81
28-02-2020 03:43:33.305429	2	0	1	429	11	-81
28-02-2020 03:49:28.360411	3	2	1	448	14	-72
28-02-2020 03:49:28.361149	3	2	1	448	11	-74
28-02-2020 03:49:28.361704	3	2	1	448	8	-78
28-02-2020 03:49:28.362107	3	2	1	448	5	-81
28-02-2020 03:49:28.362645	2	0	1	435	11	-85
28-02-2020 03:50:27.561599	3	2	1	449	14	-71
28-02-2020 03:50:27.562448	3	2	1	449	11	-72
28-02-2020 03:50:27.563092	3	2	1	449	8	-76
28-02-2020 03:50:27.563511	3	2	1	449	5	-79
28-02-2020 03:50:27.563903	2	0	1	436	11	-85
28-02-2020 03:52:25.924830	3	2	1	451	14	-75
28-02-2020 03:52:25.925647	3	2	1	451	11	-75
28-02-2020 03:52:25.926071	3	2	1	451	8	-79
28-02-2020 03:52:25.926569	2	0	1	438	14	-74
28-02-2020 03:52:25.927084	3	2	1	451	14	-75
28-02-2020 03:52:25.927806	3	2	1	451	11	-75
28-02-2020 03:52:25.928329	3	2	1	451	8	-79
28-02-2020 03:52:25.928811	2	0	1	438	11	-75
28-02-2020 03:52:25.929264	3	2	1	451	14	-75
28-02-2020 03:52:25.929775	3	2	1	451	11	-75
28-02-2020 03:52:25.930160	3	2	1	451	8	-79
28-02-2020 03:52:25.930699	2	0	1	438	8	-82
28-02-2020 03:53:25.110688	2	0	1	439	8	-39
28-02-2020 03:53:25.111339	2	0	1	439	5	-42
28-02-2020 03:53:25.111893	3	0	1	452	8	-88
28-02-2020 03:53:25.112292	3	2	1	452	14	-72
28-02-2020 03:53:25.112865	3	2	1	452	11	-73
28-02-2020 03:53:25.113260	3	2	1	452	8	-76
28-02-2020 03:53:25.113775	3	2	1	452	5	-80
28-02-2020 03:53:25.114262	2	0	1	439	14	-36
28-02-2020 03:53:25.114748	3	2	1	452	14	-72
28-02-2020 03:53:25.115214	3	2	1	452	11	-73
28-02-2020 03:53:25.115746	3	2	1	452	8	-76
28-02-2020 03:54:24.308225	2	0	1	440	8	-18
28-02-2020 03:54:24.308965	2	0	1	440	5	-17
28-02-2020 03:54:24.309565	3	0	1	453	8	-84
28-02-2020 03:54:24.309978	3	0	1	453	5	-87
28-02-2020 03:54:24.310543	3	2	1	453	14	-76
28-02-2020 03:54:24.310949	3	2	1	453	11	-81
28-02-2020 03:54:24.311334	3	2	1	453	8	-83
28-02-2020 03:54:24.311905	3	2	1	453	5	-84
28-02-2020 03:54:24.312293	2	0	1	440	14	-15
28-02-2020 03:54:24.312842	3	2	1	453	14	-76
28-02-2020 03:54:24.313283	3	2	1	453	11	-81
28-02-2020 03:54:24.313777	3	2	1	453	8	-83
28-02-2020 03:55:23.525424	2	0	1	441	8	-17
28-02-2020 03:55:23.526161	2	0	1	441	5	-20
28-02-2020 03:55:23.526714	3	0	1	454	8	-65
28-02-2020 03:55:23.527117	3	0	1	454	5	-68
28-02-2020 03:55:23.527841	3	2	1	454	14	-63
28-02-2020 03:55:23.528252	3	2	1	454	11	-65
28-02-2020 03:55:23.528822	3	2	1	454	8	-68
28-02-2020 03:55:23.529218	3	2	1	454	5	-70
28-02-2020 03:55:23.529709	2	0	1	441	14	-15
28-02-2020 03:55:23.530233	3	2	1	454	14	-63
28-02-2020 03:55:23.530712	3	2	1	454	11	-65
28-02-2020 03:55:23.531175	3	2	1	454	8	-68
28-02-2020 03:56:22.699774	2	0	1	442	8	-26
28-02-2020 03:56:22.700534	2	0	1	442	5	-25
28-02-2020 03:56:22.701003	3	0	1	455	8	-71
28-02-2020 03:56:22.701449	3	0	1	455	5	-73
28-02-2020 03:56:22.702005	3	2	1	455	14	-63
28-02-2020 03:56:22.702450	3	2	1	455	11	-68
28-02-2020 03:56:22.702918	3	2	1	455	8	-69
28-02-2020 03:56:22.703455	3	2	1	455	5	-72
28-02-2020 03:56:22.703905	2	0	1	442	14	-26
28-02-2020 03:56:22.704427	3	2	1	455	14	-63
28-02-2020 03:56:22.704869	3	2	1	455	11	-68
28-02-2020 03:56:22.705256	3	2	1	455	8	-69
28-02-2020 03:57:21.915890	2	0	1	443	8	-18
28-02-2020 03:57:21.916583	2	0	1	443	5	-21
28-02-2020 03:57:21.917119	3	0	1	456	8	-33
28-02-2020 03:57:21.917837	3	0	1	456	5	-37
28-02-2020 03:57:21.918410	3	2	1	456	14	-21
28-02-2020 03:57:21.918865	3	2	1	456	11	-24
28-02-2020 03:57:21.919328	3	2	1	456	8	-26
28-02-2020 03:57:21.919865	3	2	1	456	5	-30
28-02-2020 03:57:21.920255	2	0	1	443	14	-17
28-02-2020 03:57:21.920801	3	2	1	456	14	-21
28-02-2020 03:57:21.921197	3	2	1	456	11	-24
28-02-2020 03:57:21.921706	3	2	1	456	8	-26
28-02-2020 03:58:21.146919	2	0	1	444	8	-19
28-02-2020 03:58:21.148031	2	0	1	444	5	-21
28-02-2020 03:58:21.148560	3	0	1	457	8	-30
28-02-2020 03:58:21.149038	3	0	1	457	5	-33
28-02-2020 03:58:21.149575	3	2	1	457	14	-17
28-02-2020 03:58:21.149978	3	2	1	457	11	-18
28-02-2020 03:58:21.150539	3	2	1	457	8	-20
28-02-2020 03:58:21.150930	3	2	1	457	5	-24
28-02-2020 03:58:21.151313	2	0	1	444	14	-18
28-02-2020 03:58:21.151881	3	2	1	457	14	-17
28-02-2020 03:58:21.152275	3	2	1	457	11	-18
28-02-2020 03:58:21.152916	3	2	1	457	8	-20
28-02-2020 03:59:20.345725	2	0	1	445	8	-22
28-02-2020 03:59:20.346435	2	0	1	445	5	-25
28-02-2020 03:59:20.346908	3	0	1	458	8	-42
28-02-2020 03:59:20.347297	3	0	1	458	5	-47
28-02-2020 03:59:20.348065	3	2	1	458	14	-14
28-02-2020 03:59:20.348558	3	2	1	458	11	-16
28-02-2020 03:59:20.349071	3	2	1	458	8	-18
28-02-2020 03:59:20.349561	3	2	1	458	5	-21
28-02-2020 03:59:20.349959	2	0	1	445	14	-18
28-02-2020 03:59:20.350558	3	2	1	458	14	-14
28-02-2020 03:59:20.350957	3	2	1	458	11	-16
28-02-2020 03:59:20.351440	3	2	1	458	8	-18
28-02-2020 04:00:19.545694	2	0	1	446	8	-21
28-02-2020 04:00:19.546406	2	0	1	446	5	-25
28-02-2020 04:00:19.546890	3	0	1	459	8	-31
28-02-2020 04:00:19.547285	3	0	1	459	5	-35
28-02-2020 04:00:19.548051	3	2	1	459	14	-18
28-02-2020 04:00:19.548542	3	2	1	459	11	-25
28-02-2020 04:00:19.549050	3	2	1	459	8	-30
28-02-2020 04:00:19.549532	3	2	1	459	5	-32
28-02-2020 04:00:19.549923	2	0	1	446	14	-18
28-02-2020 04:00:19.550568	3	2	1	459	14	-18
28-02-2020 04:00:19.550967	3	2	1	459	11	-25
28-02-2020 04:00:19.551458	3	2	1	459	8	-30
28-02-2020 04:01:18.720140	2	0	1	447	8	-21
28-02-2020 04:01:18.720918	2	0	1	447	5	-24
28-02-2020 04:01:18.721424	3	0	1	460	8	-26
28-02-2020 04:01:18.721868	3	0	1	460	5	-29
28-02-2020 04:01:18.722414	3	2	1	460	14	-18
28-02-2020 04:01:18.722859	3	2	1	460	11	-20
28-02-2020 04:01:18.723277	3	2	1	460	8	-23
28-02-2020 04:01:18.723792	3	2	1	460	5	-26
28-02-2020 04:01:18.724177	2	0	1	447	14	-18
28-02-2020 04:01:18.724704	3	2	1	460	14	-18
28-02-2020 04:01:18.725146	3	2	1	460	11	-20
28-02-2020 04:01:18.725626	3	2	1	460	8	-23
